0.401263237
-0.146307588
-0.17622003
-0.0340600573
-0.0385360643
0.210037008
0.303341299
0.157783568
0.428065389
0.0734904036
-0.0019559043
-0.246163025
0.0550126955
-0.0725457147
-0.3807064
0.0954664424
-0.112688236
-0.265960604
-0.118565172
-0.312066942
0.155342549
0.112458885
-0.0591746159
-0.168601796
-0.205006361
-0.068233192
-0.361223906
0.013407479
-0.110048793
-0.326397479
-0.0109519316
-0.0661384165
-0.184156746
-0.0584665835
-0.226794645
0.0286657605
0.067665793
-0.295855105
-0.15026699
0.00947792735
-0.0222912412
0.0379309803
-0.015353797
-0.0754230022
0.0194396414
-0.0253708232
-0.0368762612
0.100205697
0.139470994
-0.053918682
