0.319135487
0.239743873
-0.360578984
0.329940796
0.225877866
0.361772448
-0.352215707
0.0246641543
0.218657106
-0.343048662
0.178961173
0.176194757
0.253043383
0.2524333
0.379485399
-0.0792203173
0.340429008
0.0952279493
-0.449182987
0.0217422862
0.169919878
-0.618174493
-0.0566004701
0.601365924
-0.495249391
0.268044442
0.32606402
-0.411497623
-0.614811778
-0.793812633
0.481328636
-0.0433465503
0.360746205
0.210586846
0.3149257
0.469018251
0.180732682
0.316543251
0.155953139
-0.304768533
0.0599152856
-0.103812151
0.335514992
0.427698404
0.268661201
0.295485228
0.625813961
0.345324516
0.103994377
-0.169374943
-0.869651794
-0.778536797
-0.665479064
0.39323625
0.0710539669
0.253757268
0.284227937
0.24393788
0.434225798
-0.281030804
0.138277471
-0.23981528
-0.173748568
0.240490362
0.123756096
-0.645564079
0.531221867
-0.0191221554
-0.517460227
-0.0129321776
0.698034227
0.12156906
-0.113264151
-0.287824959
-0.195748761
0.278395504
-0.00809746981
-0.424347907
0.265871823
0.07756567
-0.388229072
-0.176931217
-0.353709996
-0.199571103
0.214225397
0.00532714883
-0.351135105
0.195322618
0.293766111
-0.286596358
-0.566233337
-0.326536387
0.360075563
0.120105125
0.314888865
0.389303476
0.981291056
0.257896483
0.309983402
0.365081161
-0.20106563
-0.214321911
0.185228616
-0.032339178
-0.346137494
-0.0670864061
-0.170618728
-0.197758973
-0.126014143
-0.356363624
-0.282300472
0.0787006095
-0.192670852
-0.68641758
0.358167708
0.211245373
-0.270129293
-0.0932484865
0.130360305
0.0949591175
0.26879409
0.10055574
0.190617546
-0.353525192
-0.375281245
-0.179757804
-0.27891022
-0.345504761
-0.26524961
-0.00568675948
0.0694431886
-0.441542208
0.128743455
0.0136744007
-0.438741952
0.107527196
-0.136721641
-0.617690861
0.242488161
0.221610039
-0.268065274
0.0244597457
0.350814193
-0.27065298
-0.247619987
-0.17838642
0.0337203331
-0.0920918062
0.161049962
0.0274007898
0.07646285
0.11007937
0.146331057
-0.15025343
-0.0335158333
-0.0421686545
0.00313012488
0.090455167
0.203989133
0.105996206
0.215079606
-0.0862064883
-0.0144685376
-0.239238828
0.472312838
-0.119376451
-0.134848565
0.00923617091
-0.0727046207
0.146237031
0.0221992452
-0.065289095
0.0553278252
0.035279002
0.100779109
0.0538169183
-0.200488642
0.101951607
-0.232220605
-0.192972451
-0.224816382
0.0856353268
0.0674166158
-0.192429408
0.203724191
0.293419629
0.0275702383
0.200987712
0.0650483072
-0.0629223138
0.156958461
-0.117221586
-0.0276420116
-0.39767471
0.321029961
0.12132024
-0.373355389
-0.307643384
-0.326087117
-0.335270822
-0.0877316296
-0.0530502126
0.169401839
0.237518713
-0.200192943
0.0769708753
0.109026313
-0.0912175253
-0.000789414742
-0.184129551
-0.0156649388
-0.289822847
-0.16360575
-0.102075309
-0.101334274
0.230680659
0.113745734
0.235362887
0.278616995
0.132849976
0.0135267396
-0.0785448328
-0.280196905
-0.0615214258
-0.0854593292
0.226105258
0.249491617
0.321753412
-0.0733487606
-0.164375588
-0.12152902
-0.349245429
-0.0167740583
-0.00641854014
-0.0234915502
-0.0381046981
-0.128209025
-0.382285058
-0.512828231
-0.43870908
-0.147610679
-0.216685534
-0.17432709
-0.005511194
0.0954327658
-0.248101056
-0.022947209
0.0396997705
-0.359273523
0.46471104
0.66936326
0.229152426
0.220060945
0.14606747
0.338576704
-0.186145589
-0.0429175124
0.0450286753
-0.315763652
-0.0307368115
0.104805201
-0.128308684
-0.126417249
-0.0423922352
0.197208002
0.419950634
0.521168828
0.199685201
0.366527736
-0.173298419
0.210483626
0.0355353393
0.216643631
-0.0467123315
0.178563237
0.136078969
-0.429061562
-0.148910999
-0.279682785
0.336466968
0.20458436
-0.0582543276
-0.252590507
-0.219891459
-0.327976376
-0.523362339
-0.0461315997
0.0257120058
0.0169822872
0.176045522
0.116361663
-0.193625718
0.254064322
0.351988763
-0.209077477
-0.503831923
-0.0474919081
0.151759222
-0.00129764352
0.0899483636
-0.139444992
0.0616097078
0.306560963
-0.257753164
-0.691401899
-0.0163697451
0.168924302
0.0519762114
0.0521665365
0.249375194
0.0272595212
0.159628883
-0.30472365
-0.195299074
0.483678579
0.146749601
0.146447584
-0.00272906548
0.00413947692
-0.145285204
0.271904945
0.226830333
-0.03627076
-0.442742288
-0.0147819566
0.0888635069
0.189049721
-0.251570165
-0.036074616
0.20549719
-0.220717221
-0.385083407
-0.0681283101
0.0838538781
0.0865684822
-0.229117885
-0.153861612
-0.214867473
-0.272513181
-0.140539661
0.0721881539
0.246462435
0.0308796093
0.192784145
0.141533762
-0.0801069513
-0.119344085
0.0253744237
-0.225127414
-0.371354908
-0.118076339
0.333998114
0.190261617
0.145678565
-0.275242448
-0.03656663
0.577623725
0.440816432
0.260207891
-0.272409797
-0.00066271692
0.0342055596
0.327914864
-0.0620611869
-0.00289854594
0.132113695
-0.296126753
-0.0639814809
0.11621128
0.0679527372
0.190089718
0.120834544
-0.0176589508
-0.00845619664
0.233883783
-0.156068906
0.0214704052
0.228976846
-0.183504686
-0.148632348
0.342441589
-0.139875516
0.041975826
0.277837366
-0.0189654678
0.157689497
0.373186141
0.040254306
-0.0351852067
-0.127242148
-0.135898307
-0.45641306
-0.416502863
-0.0202209651
-0.194192693
-0.216537967
-0.11702168
-0.0257110447
0.115790844
-0.240067631
0.0137746017
0.269203037
-0.187861919
0.0279593524
0.312936306
0.0745752603
-0.0613942817
-0.555911422
0.128666356
0.0046254741
-0.504222333
-0.00135779567
-0.335012406
-0.507502258
-0.00845899154
0.135197744
0.156575769
-0.00814389158
-0.0583034009
-0.0150427986
-0.366838664
-0.023939399
0.15948014
0.00285166921
-0.0345294289
0.162633836
-0.440165848
-0.267275244
0.0794083402
-0.205596074
-0.0614253953
0.224452555
-0.0430345014
0.0723383725
-0.0406116582
0.121077143
0.401956946
0.0229026452
-0.0844229534
0.166050822
0.292202353
-0.227798805
0.0274002273
-0.172413677
-0.125547931
0.0167182982
0.0252905656
-0.0276532527
-0.0735834837
0.197055012
-0.2443856
-0.300228477
-0.0174013916
-0.00375051331
-0.329088748
-0.46546194
-0.0133506665
0.131502435
-0.0213383716
0.147781655
0.29614836
-0.0738507211
0.208396241
0.221411377
0.392676681
-0.0236862265
-0.496645659
0.00335341902
-0.112466678
-0.101736143
-0.170663327
0.00707348343
0.217405498
0.0313162617
-0.168443993
-0.0214015692
0.00594463851
0.0388692915
-0.277800351
0.262391418
0.30349195
-0.349437594
-0.0879484639
-0.0326109678
-0.0344722308
0.153339043
-0.100696139
-0.0849851966
0.0930445865
0.118687198
-0.124451526
-0.113471784
0.0247980077
-0.0376281664
0.116436802
0.0728794113
0.106154576
-0.12272121
-0.124159493
0.330833167
0.354454488
-0.0776450261
-0.103430681
-0.0678290427
-0.144675866
-0.27608794
-0.172372892
-0.0646289438
0.0753196031
-0.066822499
0.205650374
0.111152984
0.0116834641
0.0469003394
-0.130617335
-0.163959742
0.0585228167
-0.244290441
0.190659523
0.0971461535
0.0829612091
0.147099003
0.201469198
0.0834145322
0.154688522
0.155341819
-0.0354801342
0.277449578
0.127194628
0.00520077022
-0.539153337
0.433579028
0.053363543
0.10696619
0.065955013
0.2855362
0.404831469
0.0594088435
0.145593256
0.0515658744
0.0591865852
-0.331327766
-0.23392947
0.0118294861
-0.0895335004
0.153248578
-0.0817323029
-0.0762206167
-0.0552595519
-0.292475849
0.0568222068
0.0587215908
-0.0529241562
-0.237398967
0.203908622
0.0731564537
-0.0721290261
0.466893882
-0.194952846
-0.00430347677
-0.281868845
-0.0127178887
-0.24622944
-0.0891111568
-0.0871429667
0.165326267
0.300196946
-0.0846335515
0.0365424901
0.0798172951
0.0902591571
0.24813886
0.180721924
0.0468302742
-0.0199773256
0.0243859217
-0.250475496
0.240384087
0.0890851095
0.0902278125
-0.103539206
-0.0204498954
0.207376197
0.244890153
0.0745143965
-0.22626622
-0.0393186435
0.107809491
0.0415112339
-0.299530774
-0.0793919638
0.174679041
-0.00627745641
0.181224346
-0.179583907
0.474947482
0.227279902
-0.606099844
-0.517250717
-0.0821020007
0.114811555
-0.136421442
-0.127603441
-0.209734201
-0.641202569
-0.524849713
0.593155324
0.186447695
0.00451848842
0.0151394187
0.111919343
0.200505257
-0.185622081
-0.0541685075
0.0394343026
0.0531533249
-0.134815097
-0.101205193
0.18641372
0.148287266
0.0387076177
3.37741731e-05
-0.0423582084
-0.0824710801
-0.0885066241
0.12231461
-0.0865370184
0.312508076
-0.725834012
-0.668012619
-0.365772009
0.143559322
0.354439169
-0.0261521954
-0.16125989
-0.118063055
0.108430848
0.00734201446
0.0991233513
-0.169513062
-0.0812904462
-0.0109212911
0.413146883
0.0240360592
0.0663325936
0.0689804032
0.165155575
0.194377631
0.125105187
0.110299796
-0.226727813
0.122604236
0.112342574
0.133484825
-0.0800635815
0.175436988
0.172265694
0.0750485063
0.159251243
-0.0572281554
0.0588910058
0.0145650357
-0.0703116804
0.0528413169
0.0646239296
0.0286040083
-0.0987205431
0.0298079122
0.0915830135
-0.204535827
0.125765815
-0.113793373
-0.18657434
0.0578090213
-0.306986541
-0.0326029956
-0.0687970966
0.0495922789
-0.326385468
-0.208479062
0.020995805
-0.194819719
-0.417269707
0.333333552
0.14806141
0.321219951
0.0414627865
0.112039134
0.311538398
0.149170354
-0.0370468386
0.12819545
0.0493675545
0.0298569519
-0.263034284
0.0806275457
-0.155207112
-0.644560814
-0.489161968
-0.116000056
-0.502891839
-0.181226909
0.0624499358
0.0974493846
0.170125321
-0.0923331156
0.178831473
0.0608023331
-0.0205062572
-0.129109293
-0.0586691312
0.0179419778
0.0956493318
0.149548486
-0.180268764
0.25765121
0.253153473
-0.0957603902
0.175965697
0.191649407
-0.26395005
-0.0525322221
0.167222053
-0.213543177
-0.131986097
0.0667170882
0.180097088
0.178720415
-0.177354425
-0.253615171
0.189122856
0.0873566121
0.234127477
0.197120428
0.0419911407
0.2836833
0.00489345146
-0.199252293
0.103149042
-0.0548921973
0.213155463
0.152919963
0.0343659036
0.00457155332
-0.0356899537
0.0723547339
0.0974395126
0.0733043179
-0.0611267351
-0.0908164829
0.200083286
0.0389685296
-0.230975583
0.115876026
-0.464372724
-0.369008213
-0.373583823
0.268276811
0.110310502
0.0860744864
0.0630866885
0.104754552
0.130856246
0.190270677
-0.0624085777
0.0758173764
0.148164853
-0.10857933
0.353880823
-0.028964458
0.0767345205
0.250034094
-0.0077683609
-0.133403122
0.0247247182
0.119342387
0.0779954419
-0.202019289
0.353132337
0.244892567
0.252299815
0.330522329
0.0464515798
-0.0727900863
0.0108493222
-0.0438787714
-0.119956054
-0.274324864
-0.0856873617
-0.156622171
-0.00877615996
0.286249548
0.000686398707
0.11046239
-0.125205815
-0.125614256
0.0590787791
-0.00810200535
-0.0334306434
0.173860788
0.189854547
-0.124073237
0.0113026984
-0.0152101405
0.0731279328
0.0558096878
0.0265763476
-0.0654926896
0.0251691286
0.023269834
0.0477820598
0.0791580155
0.265492797
0.0975784659
0.089787975
0.112293497
-0.41121769
-0.05961366
0.153572664
-0.427332491
-0.0227138735
-0.0807434991
0.0527722761
-0.252698869
-0.0656351969
0.0903338566
-0.373444617
0.19348143
-0.186165318
0.20710066
0.00395444781
-0.0708533004
0.134926245
-0.0226514917
-0.15419732
-0.097303696
-0.0927968025
0.131816015
-0.135067433
0.104130775
-0.206138566
-0.237577796
-0.0665931553
0.13561672
-0.134684384
-0.167703182
0.0400282405
-0.0678308234
0.155124456
-0.142256677
0.216391221
0.110503629
0.0574285388
-0.0373351425
0.0427736863
-0.285237104
0.125109568
0.148085043
-0.134369776
0.0426668078
0.376703322
-0.101709694
-0.166176111
0.342895538
0.0512218028
0.0834716856
0.0444301367
-0.0986691639
0.104177855
0.0224650595
0.170866594
-0.0530178547
0.0283193532
0.148016006
-0.0366394296
0.268355846
0.0410686806
0.0930189341
0.101150781
-0.0960449949
-0.119281694
-0.28361702
0.0164196771
-0.182664469
0.195143759
-0.131243065
-0.0787991434
0.0745834336
0.00553558627
-0.0887093619
-0.259180903
-0.163918585
0.126597926
-0.0104460698
0.0178840011
-0.052021727
0.0742951334
0.0317579433
-0.159386948
-0.094838053
0.0350102484
-0.0876822025
0.0926173478
0.112092562
0.0341513529
0.0705948472
-0.0702882856
-0.0152022596
-0.273310274
-0.0494243614
0.0908104628
-0.109949715
-0.00848499313
0.0185205247
0.0558127388
0.232306793
0.299424499
0.370941997
0.0696821511
0.0969320983
0.0620963126
0.0691496655
0.145247564
0.0401238613
0.0449225307
0.0209556986
-0.00614356715
-0.0746013075
-0.14311637
0.0580605231
0.0771632865
0.0577180721
-0.0454053134
-0.248887762
-0.131933674
-0.232817203
0.0477941744
-0.349223852
-0.31077823
-0.0947569162
-0.302579492
0.292022079
-0.107642166
0.0410434827
0.0547777303
0.0114356745
-0.47176531
-0.247638136
-0.144387051
-0.170525521
0.298656195
-0.254947007
-0.00680551445
0.198458225
0.131630749
-0.367038697
0.0529471375
-0.0490402356
0.00972859561
0.27705425
-0.212449715
0.299324542
0.390393883
0.137181267
-0.0249864329
0.0092046205
-0.104736559
-0.0632098392
0.0520329885
0.0812471285
0.308123171
0.101124689
0.0233018026
-0.495734036
-0.0167424008
-0.0444484279
-0.306438088
0.1072134
-0.237638682
0.168857813
0.264422715
-0.0935675278
-0.0344529562
0.27201426
-0.00694372552
-0.179566741
-0.297424614
-0.101258099
0.0760738403
0.0721044019
-0.00930111669
-0.560337543
-0.18192479
0.276940137
-0.157858729
-0.0337327383
-0.135452539
-0.156075463
0.194606528
0.39855364
-0.181935936
-0.271408528
0.0580728762
-0.135947317
-0.0826098844
0.140514582
-0.0238519646
-0.0919807106
0.101426199
0.100752279
-0.106377833
0.124814101
-0.204282865
-0.276512027
0.0242856909
-0.296779692
0.0346069299
0.232249975
0.0512807705
-0.14346835
0.266113728
-0.228334174
-0.0380400009
-0.0494714044
-0.241833746
0.0594561994
0.282089472
0.246080279
0.0537157245
-0.0258866549
0.28402546
0.109452136
-0.604011178
0.506063223
0.150341496
-0.27737695
-0.514708459
-0.594309449
-0.507799745
-0.604533136
-0.0151051711
-0.385511309
0.153136373
0.102563135
0.157501861
-0.0277232509
0.0491491519
0.20780392
-0.138682231
-0.101318285
-0.150292367
-0.327614278
0.0522588827
-0.112035617
-0.162536427
0.11014802
-0.219106779
0.223892301
-0.0114596533
0.664102376
0.0363847502
0.0499465391
0.237271309
0.177214533
-0.060837321
0.232917935
0.107734486
-0.0570667349
0.218809664
-0.289138883
-0.0856958404
0.109855562
0.0586682111
-0.135842934
0.0429415181
-0.0324871279
-0.106591851
0.0731369182
0.173704863
0.0859543309
-0.0813172162
-0.0558985397
0.133421883
-0.0496118963
-0.0130926706
0.130652145
0.017878674
0.0142962504
-0.0599985123
0.0583443157
0.275750786
0.151485071
-0.105020858
0.10575214
-0.0772458166
0.140306085
0.079781957
0.0951668099
0.451845646
-0.0517889522
-0.392541677
0.116932146
-0.185454577
-0.332582384
0.0549946427
0.177005067
-0.300774664
0.323781043
-0.179508895
-0.104685687
0.122369699
-0.269518793
-0.470438063
-0.0636551306
-0.680862963
-0.63361311
0.0300060697
0.0463310592
0.166292667
0.0494944602
0.105220199
0.110553801
-0.16963324
0.186394185
0.0617014579
0.0530257784
-0.0235766619
-0.0359063037
0.362182498
0.107156314
-0.52572298
0.154984146
-0.153122082
-0.490089148
-0.155775815
0.0688489154
0.0347872078
0.0122017711
-0.0199745167
-0.0718366951
0.0748421997
0.00484174304
-0.0429475121
0.174345613
-0.0877009109
0.0417906791
-0.364029288
-0.00167158048
0.045737762
-0.309121519
-0.288209319
0.160779491
-0.0112063307
-0.0845526382
0.0637228042
0.184770182
0.0231746659
0.212781489
-0.0748011768
-0.0388914086
0.00677685486
-0.153213069
-0.130971715
0.0488431342
0.0847198144
0.050106518
0.263083607
0.010603264
0.0135097103
0.233521998
0.164420843
-0.360409886
-0.14316532
-0.244003654
-0.530925035
-0.521318376
-0.050420776
-0.0530490242
-0.0491997004
-0.017504923
0.142753407
0.283658624
0.257325053
0.325107783
0.293150306
-0.207180738
-0.43414557
-0.507699013
-0.0613450557
-0.0330663659
0.082995072
-0.0405092649
-0.149886906
0.0340522788
-0.0979703069
0.0376476459
0.0868506581
-0.268269211
-0.235708594
-0.20649913
0.193066895
0.466028184
0.106727809
-0.295440912
0.13378717
0.324202389
-0.166661978
-0.016888408
-0.192612514
0.0429091156
0.209940821
0.066721499
-0.106569648
0.0541398637
0.0869375169
-0.0425746106
0.058688771
0.11207357
0.145186022
0.0827687085
-0.0832866207
-0.0949763581
-0.201609373
-0.25745666
-0.488012224
-0.0950214416
-0.119385011
-0.0854761899
0.0791961402
-0.280917197
0.246637151
0.0134330494
-0.558733523
-0.263477147
0.137430593
0.132464275
0.0864209756
0.187351167
-0.146591261
-0.0930319503
-0.303253561
0.112702087
-0.272894263
0.00545055745
0.0275648255
0.0594838448
0.145891696
0.167040899
-0.0817746073
0.0111707477
-0.0829655975
0.202600971
0.0461344011
-0.019078603
0.22506316
0.0142313316
-0.15474692
-0.329080492
-0.0220668949
-0.287690312
-0.199129
0.173129767
0.250363916
0.129915655
0.1211318
0.0752384886
0.0706612468
-0.11458008
-0.0170100126
0.0797530562
-0.00916386768
0.189732403
0.112921923
-0.292021513
-0.283401877
0.0515695438
-0.424731463
-0.187197655
-0.144680053
-0.250591964
0.112182908
0.231402293
-0.221569702
-0.311260223
-0.198597178
-0.492500961
0.151224732
0.0586858727
-0.15625903
0.0910482183
-0.0404968001
0.155761823
-0.154337212
-0.119295493
-0.733687937
0.184015587
0.0841699541
0.00674963975
0.0969849676
0.122748308
-0.0211883038
0.0281657483
-0.0458134636
-0.0144153098
-0.266646534
-0.0774073526
-0.0176446103
0.0831548646
0.184903726
0.195454553
0.0826861262
0.226324499
-0.115548708
-0.0203377306
0.113876998
-0.130630389
0.0519728325
-0.0215626005
-0.023001194
0.095538862
0.00248311041
-0.188010976
-0.0820198655
0.0555690788
-0.146643743
0.219651997
0.00424702652
0.00752566662
0.152055934
0.157102406
-0.097685039
0.0140917096
-0.225356728
0.0134671042
0.00906735193
0.0865239203
-0.0511041135
-0.0826530978
-0.283321947
0.136006638
0.187190443
-0.31471321
-0.343143046
0.0768886805
-0.0773717389
-0.0129741421
0.163854018
0.337699115
0.0831161961
0.190120399
-0.130119532
0.144597754
0.138087422
0.0834346563
0.291918486
0.00340191531
0.240180418
-0.243710443
-0.0349528566
-0.190833911
-0.0446915329
0.104721755
0.108399175
-0.00071386015
-0.108581141
0.111431837
-0.124323748
-0.152655676
-0.0836255997
0.158959135
-0.112220973
-0.0438230671
-0.0153796384
0.0279224813
-0.00974237174
-0.0425198115
-0.0816630796
-0.257350683
-0.0905885771
0.244858563
0.0203224514
-0.234111592
-0.0114410166
-0.0514843352
0.149925306
0.132772505
0.0695186481
0.108232282
-0.15273425
-0.0128347408
-0.226701543
-0.0833693072
-0.164754853
-0.166374072
-0.281910777
0.234145761
0.0810500532
0.0371248424
-0.0181767531
-0.0189133026
0.140075415
-0.167026848
-0.0472561531
-0.0798608661
0.0298563149
-0.0754029825
0.25099954
-0.0305235237
0.03675396
0.340054631
-0.0680821091
-0.048811689
-0.0645663962
0.106790707
0.232979923
0.0471421145
0.128897905
-0.177339807
0.06571953
-0.313459277
-0.268086433
-0.0391217321
0.0411662981
0.248285279
-0.0307216644
0.150404811
-0.172006845
-0.213710278
0.0692093149
0.143769458
-0.0668061748
0.0683643892
0.163760498
0.0984259918
-0.002273391
-0.199291781
-0.401866496
0.0469980016
-0.0848805159
-0.0204551239
-0.0201343503
0.0522918366
0.322600663
-0.188448578
0.0667238161
0.215149954
-0.257312804
-0.0367308222
0.0497609638
-0.24636215
-0.142690822
0.250550508
-0.257724106
0.0810112283
0.0761116371
-0.0735181868
0.204481632
0.172075689
-0.301550359
0.157147363
0.06617219
-0.0647692159
0.0391861238
0.101453163
-0.0702412426
0.22414349
0.0315133519
-0.106470309
-0.0053452896
-0.0197548512
-0.254026592
-0.0817970335
-0.0173862297
-0.0662179887
0.129135817
0.204664916
0.0283731427
-0.267801613
-0.144905597
-0.0465468541
-0.14466095
0.068902269
0.250626862
0.166924745
-0.203067154
-0.0272161514
-0.159793586
-0.375921249
-0.171297893
-0.156238839
0.0875857025
0.188735202
0.101859629
0.0996837839
0.0398019217
-0.0922782794
0.259768635
-0.173374593
-0.0052188905
0.36779958
-0.0387706943
-0.122484982
-0.0184834506
0.0389571376
0.117856473
0.0481273606
0.0198509134
0.178395674
-0.129980311
-0.301815391
-0.20699954
0.0241796374
0.12685667
-0.0635789186
0.202073723
-0.199474961
-0.341343403
-0.00595013425
-0.118728749
-0.307140291
0.126022264
0.0105846198
0.0738419667
0.0585486069
0.0457265265
0.0372331291
0.0430372059
-0.116076864
-0.180936664
0.0644515902
0.09806481
-0.0927794352
-0.0674528331
-0.0193407703
-0.0943908095
0.207400456
0.137675032
0.0970752537
0.185827672
-0.207521796
-0.338578045
-0.305566251
0.241235927
0.154795438
0.0369523987
-0.064614743
-0.00212055934
0.0293457489
0.0122880209
-0.151343897
0.0160492659
0.261001915
-0.0721870661
-0.0607973412
0.00677737966
-0.276850313
-0.296152651
-0.00276503898
-0.130624548
0.267758042
0.190014109
0.174542665
-0.0787514299
0.0980532467
-0.233913168
0.0883359388
0.0753191486
0.0358226225
0.0520725101
-0.0573715717
0.116100304
-0.012997807
0.0553592183
-0.162740141
0.16177766
0.212396115
-0.0210604891
0.154665992
0.0661102906
0.0653556213
-0.0203983001
0.16708003
0.209067225
0.243336722
0.0378122069
-0.0652151331
0.106020495
0.202511176
-0.00903265364
0.0473476499
0.077953577
-0.179315627
-0.203530177
-0.0293032527
0.142219469
-0.114094585
-0.0028138929
-0.13060832
0.204824269
-0.130588397
0.0825392678
-0.17954272
0.273697257
0.0129301241
0.14786844
0.225887194
-0.0188014023
-0.0285000298
-0.199329674
-0.162506491
-0.217195004
-0.108866096
-0.112652726
-0.227437407
0.276327223
0.17621927
0.272126138
-0.0586549453
0.0121874008
0.0491648912
0.128163457
-0.119490623
-0.046204824
-0.11878036
-0.0650267676
-0.0421326049
-0.125264704
0.0742672235
0.113316678
-0.032577686
-0.136512309
-0.0594223998
0.0674056709
-0.00288933609
0.0639866292
-0.25658226
-0.344671965
0.10468103
0.0535701625
-0.267503381
-0.165000767
-0.0943969041
0.0631682053
0.0779400766
-0.189537868
0.0852909535
-0.198481485
0.112375282
-0.00245654373
-0.0890218019
0.0556268245
0.126427978
0.0683359802
-0.060285937
0.215513244
0.165551111
-0.278449953
0.296248406
0.220236987
-0.355621725
-0.341025442
0.134313166
-0.0882234871
-0.0773607269
-0.174824372
-0.0548499338
-0.125116974
0.0274374615
0.172323138
0.012191453
0.019500602
-0.0127275456
-0.0440986566
0.108111061
-0.0280387513
-0.334263295
-0.398609757
0.0724550039
-0.161066219
-0.365016967
0.162515774
0.291765124
0.160071746
0.070358865
0.0243502203
0.193771273
-0.173501283
-0.154371113
-0.240761191
0.192001253
0.0872280076
-0.0617757514
-0.0953460261
-0.0409926474
0.215499118
0.0346243605
-0.00956261531
0.175586984
-0.198460817
-0.430410028
-0.272546083
0.127641514
0.271704316
-0.0838669091
-0.132137269
-0.0830535218
-0.0416977853
0.166053385
0.142690256
-0.0679340959
0.0789808333
0.154913366
0.131725997
-0.0175895561
-0.155473977
-0.0297934767
-0.0297344606
0.173629731
0.0830725878
-0.085454829
0.266253144
0.247988775
-0.163517341
-0.322267741
-0.042498149
-0.183643207
0.148360327
0.1666352
-0.132536054
0.219534144
0.0649374798
0.0168988407
0.0571055077
0.097018756
0.153912157
-0.113835029
-0.0685444847
-0.0772519857
-0.185199693
-0.0476589687
0.0200817827
0.000599375577
0.0120943086
0.0917727128
-0.0207379498
0.249373004
0.0289164949
0.149230301
-0.147113577
0.013572623
0.0155436015
-0.0394888483
0.171827242
-0.0573391803
-0.0952948853
0.0603871159
-0.0648092031
-0.248449668
-0.121789448
0.052199699
-0.0959249064
0.129856661
0.2933065
0.228006095
-0.242655277
-0.292039692
-0.0559773073
-0.045374088
-0.278314263
0.0573896095
-0.0671469495
-0.174360856
0.0207627099
-0.348156393
-0.133106917
-0.04785081
-0.0564184152
0.0160895232
0.187442183
-0.133662999
0.00641365256
0.149929792
-0.016272461
-0.0332713388
-0.0301374868
-0.19951801
0.0309363287
-0.152092114
-0.115870073
0.0647658929
0.247174188
0.172442883
-0.112552047
-0.299713969
-0.0915014893
-0.0514272563
-0.33228144
0.111194037
0.0992779061
0.125946403
-0.00926511083
0.0898817256
0.218980372
0.219731182
-0.106846899
0.4165093
0.245776564
-0.0422142036
0.0212853067
0.075117439
0.280400753
-0.0408385433
-0.097513631
-0.139132321
0.160738766
-0.190579996
0.0737608746
-0.0971642435
0.0464088283
-0.0184285175
0.0856227726
0.273097157
0.0353221595
-0.0861451998
0.297046572
-0.146792322
-0.0282424856
-0.049070131
-0.00331942737
0.237436801
-0.0109215835
0.211454436
-0.376197487
-0.356872886
-0.121064842
0.144671336
-0.02451488
-0.158121958
-0.288845062
0.114856392
0.276430786
-0.16341643
-0.423416227
0.304419905
0.299011946
-0.0890563205
0.190558776
0.0616341904
0.0913215727
0.233871087
-0.0411121175
0.131498128
-0.29881534
0.0930951089
-0.15925242
-0.0335060991
0.148578078
-0.0294576846
-0.0144197056
0.00980403088
0.186754242
-0.152189985
-0.00136370352
-0.252827436
-0.0609716587
-0.0372990705
-0.0772566721
-0.0921335593
0.133551762
0.169152185
-0.214648888
-0.0746156499
0.06514927
0.0219886843
-0.0632931218
0.0551374145
0.112679623
-0.115284026
-0.0707165971
-0.0751910955
-0.00570991728
0.0419434458
-0.0736023262
-0.132307529
-0.039056126
0.026199853
-0.0897151753
0.032021299
0.185310319
-0.229200751
0.0739715248
0.211523771
-0.0412479788
-0.0676885694
0.189347342
-0.114560574
-0.125194401
-0.0221666861
-0.0041708257
-0.0799867809
-0.0254624467
-0.0213889871
-0.0040341951
-0.0822698772
0.168726876
0.0286528543
-0.127574489
0.0498008803
-0.0189907122
0.154307023
-0.150518149
-0.291538775
-0.0102730552
-0.112435684
0.0580893606
0.0392849445
0.0367772877
0.0985270813
0.0189356729
-0.508643448
-0.171791449
-0.482292861
-0.130918935
0.212278277
0.147320837
0.206391886
0.137681767
0.0208787192
-0.440592229
-0.235728621
-0.0968513787
0.050370343
-0.176469594
-0.0266527236
-0.0363376588
-0.118923165
0.0675758645
0.224770173
-0.220084548
0.00562707428
-0.0640743747
-0.031219054
-0.215732053
0.0686667636
-0.123915888
0.0921512544
-0.0418119021
0.166416138
0.275918514
0.109535262
0.115509897
0.142763406
-0.293877989
0.223666996
0.1328547
0.327704042
0.15125075
0.0375712402
-0.123659194
0.0588062257
0.013952272
-0.0681044161
0.101321019
0.203598931
-0.0459864847
-0.150694266
-0.309644967
-0.132825911
0.0686815456
-0.209450036
-0.399133503
-0.259227097
0.0809876397
0.308743149
-0.346667081
0.068307668
-0.210138574
-0.341662556
0.200497001
-0.0367900692
-0.0428374372
-0.161446407
0.156774625
-0.1059184
0.116617329
-0.096262686
-0.149818614
0.0825662911
0.0531090423
0.0350530967
0.0466672629
-0.227267087
0.183060318
0.0371340662
-0.189013675
0.147751302
0.149464682
0.0704408661
0.14790158
-0.0117485141
0.0218900125
-0.0427549146
-0.041767817
-0.194310248
0.128598645
0.0711250082
0.250293583
0.259765983
0.0883011073
-0.08771047
0.0113345683
0.11315269
0.0359646156
-0.244504258
-0.0415815711
-0.15531294
-0.244897529
-0.181045815
-0.0869156718
-0.0162488054
0.181302443
-0.12154749
0.193147257
0.39441976
0.149717465
-0.0389229096
0.0247035325
-0.00199137675
-0.0800152123
-0.139024302
-0.0481735878
0.251914263
-0.0762382895
-0.0359960049
-0.210512355
-0.0331051424
-0.0184705798
-0.178612217
0.0703479424
-0.0285268035
-0.0277042519
-0.0255784858
0.263713151
0.0561828725
-0.142784119
0.094517976
-0.262962729
-0.0635054857
-0.423338264
0.291106582
0.094631657
0.00125205063
0.0726636574
-0.0140128322
0.272673041
0.032188002
-0.130623758
0.0541963764
0.0918547735
-0.161933988
-0.0731108338
-0.00466517918
0.170936599
-0.024279898
-0.360061318
0.0381826013
0.0412027538
-0.106845759
0.0606215224
-0.110024288
-0.0988463908
0.0184748191
0.0456995964
0.124878682
-0.0979031771
-0.302279294
0.162648901
-0.00948081259
-0.209644496
-0.0518965945
-0.0707663819
-0.0966401771
-0.0143043501
0.00312184542
-0.376245946
0.23528561
0.0682050362
-0.0278114863
-0.012668658
0.315279156
0.29276824
0.0993195698
0.069244422
-0.151836008
-0.120075934
0.00954332668
-0.277993739
0.211415485
0.129301697
-0.252953947
0.0650254935
0.154189855
0.154819623
-0.127489448
0.116640486
0.164026082
-0.105185919
0.117173769
-0.0186356474
-0.0213298239
-0.158047691
-0.239630759
0.274528563
-0.13227576
-0.384043217
-0.0710865036
-0.0447885282
-0.0542791821
-0.035114605
-0.278205514
-0.13574402
0.169378832
-0.0778747872
-0.0365365185
0.267901808
0.2325591
0.0899455473
-0.036354024
-0.103304163
0.0562622808
0.171324641
-0.104218334
0.154503942
0.104147106
-0.0860306174
0.0349340625
-0.100724563
-0.32101965
0.189050481
-0.129497245
-0.280514777
0.0269759335
0.0576409213
-0.120737709
-0.0782637671
-0.173111781
-0.139463678
0.145033479
-0.477663279
-0.100555494
-0.0717522427
-0.0644655898
0.125283629
0.115395352
-0.303065032
0.0869523808
0.0471366197
-0.664174855
-0.354245901
-0.0494568534
0.140891373
0.10674423
0.0613997281
0.113747448
-0.231916919
-0.227821335
-0.249255985
-0.188884541
0.138247669
0.155555665
0.0607197732
-0.441090018
0.185907289
-0.218335539
0.111920558
-0.122647129
0.104413912
0.0841096863
0.0364428945
0.0442976095
0.17844595
0.156451613
-0.219867185
0.0826370344
-0.0762724727
-0.0911212713
0.258502722
0.0465832613
0.102682181
-0.0369432718
0.0545506887
-0.111797571
-0.0851822868
0.0257228445
-0.13140218
0.110802352
0.211305544
0.0759351552
-0.201334894
0.133718655
0.0406875573
0.24540171
-0.0437934063
0.0221277047
0.0448167101
-0.109702133
0.234488979
0.145837277
0.0300114118
0.193216607
0.206586674
-0.0559943691
0.0787467584
-0.180802763
0.111866504
0.0366443656
0.00339747965
0.0232116263
-0.377314448
-0.172402173
-0.0739556476
-0.25546506
0.0136695318
0.170265377
0.270219862
-0.0386834182
0.0119936261
-0.420071393
-0.0269064344
-0.207501486
-0.404017746
0.0177044924
-0.00813147146
-0.0555774719
-0.0210734736
-0.0795522928
-0.0771679878
-0.0277071968
0.033126343
-0.0573661812
0.026118895
-0.0434624366
-0.037126746
-0.0780505016
0.0468908027
0.0720658749
-0.00772185437
0.0320645198
0.0598123781
0.0333720073
0.0243303683
-0.0990515873
-0.0921374261
-0.0653448924
-0.0162139218
-0.100994326
-0.0822698176
-0.0858940259
-0.0925159305
-0.0307534784
0.0120223463
-0.0764189884
0.00731830532
-0.0787288696
-0.0706911385
0.0258611683
0.0341368243
-0.0283582266
-0.0917383507
-0.0418057553
0.010611604
0.0292459782
0.0414870605
-0.0367985368
-0.0987522975
-0.0729289204
-0.0265130214
-0.0223577209
-0.0612471327
-0.0655153692
0.00169867836
-0.0992646217
-0.0830257088
-0.0777261779
-0.0318845436
0.0648036972
0.00211659609
-0.0464476496
-0.0150620239
0.0145363081
-0.0145589076
-0.084420234
-0.0670087188
-0.0667937994
-0.0139517011
-0.0897635967
-0.035661649
-0.0454058237
0.0701530054
0.0593502559
0.0377360731
-0.00813902076
-0.0391672142
0.0127642509
-0.060747195
-0.0355420038
-0.0167404525
-0.0313751325
-0.0946885198
0.0331275873
0.0564764515
-0.0530096963
0.0150326164
-0.0231490117
-0.0369240977
-0.0259632729
0.0420603156
-0.00916322134
-0.0723758116
-0.0604453795
0.0299497824
0.0125973849
-0.0129689723
-0.0180273484
-0.0268878825
-0.0430519693
-0.0557221025
0.0045758849
0.00664018001
0.0548044592
-0.0265862737
-0.000819731387
0.0306076203
0.0053419834
6.635522e-05
0.00571702234
-0.0470216349
-0.083550632
-0.00688184379
-0.0441787466
0.0525799654
0.0467260741
0.00701196166
0.0474157371
-0.0580261834
0.0523700006
0.0778340623
-0.0219935142
-0.0847251117
-0.0415018685
-0.0184455793
-0.0124824876
-0.0808163956
-0.0180280916
-0.0564897023
-0.0601960644
-0.0793566033
-0.0314944312
-0.0803644881
-0.0743261576
-0.0228514075
0.0367156863
0.0675185919
-0.0752637833
0.0196562577
-0.0579024106
-0.0705478117
-0.0118167941
-0.0611255877
-0.0705984086
-0.0869418085
-0.0775241107
0.0541519895
0.0376723781
-0.0428609662
-0.0645534694
-0.0430184156
-0.396333396
-0.0377866141
0.379928589
0.245538488
-0.0231242403
0.00762204826
-0.367195755
-0.28708294
-0.141869172
-0.0586990714
-0.0280605741
-0.359491318
-0.308905989
-0.141282558
0.00247975765
-0.0167019516
0.294055074
-0.00837779604
0.0514154099
0.0579906031
-0.0817445144
0.350719869
0.251982749
-0.0213444643
-0.203955829
0.0817884579
0.313612103
0.0527060218
0.0187537987
-0.0552776307
0.224337161
-0.172268152
0.018055696
-0.18344149
0.0613491237
0.153774247
-0.00359818526
-0.097817108
-0.259571552
-0.130059436
-0.114048839
-0.249910593
-0.0937497541
0.0259017479
-0.218405977
-0.0909359232
0.0777896717
-0.0295209382
-0.104192205
0.00992364902
0.0557525828
0.0405426137
0.114308551
-0.417216003
-0.0635485575
0.127691343
0.0915120393
0.129527733
-0.274731338
-0.0098055359
0.214214593
0.179994598
-0.00906539708
-0.176073372
-0.0643517449
0.395076662
0.271535188
0.310348839
-0.091801621
0.0741123185
-0.0262544714
-0.0471563227
0.0817730352
0.0399734341
-0.253597885
-0.123121098
0.0199713167
0.0699781626
-0.131270871
-0.0354291499
-0.223394275
-0.0293360092
0.276428312
-0.531619072
-0.162368476
-0.116994523
-0.174013317
0.0876382664
0.237248167
0.00572636398
-0.00895895902
0.0856271312
-0.30619067
-0.0220010616
-0.0467769206
-0.0548298024
0.00784480385
0.192280665
-0.0936604589
0.053493347
0.232797086
-0.324982375
-0.00394839747
-0.261614412
-0.0454104319
0.049625203
0.10207615
-0.175544932
0.103826776
0.0577379838
0.0268835481
-0.0395361371
-0.397769213
0.212437764
0.217202187
-0.0951933563
0.0302287042
0.290308774
0.0869104192
-0.235256314
0.0429774337
-0.257421851
0.1750907
0.306649268
-0.292994648
0.150565416
0.0689676404
0.345654547
-0.410699636
-0.197273865
-0.288512558
-0.11740984
-0.176539794
0.0960875228
-0.211106762
-0.0305106789
0.122397922
-0.0994645357
-0.0676405877
-0.0968486667
-0.0042744549
0.143677831
0.22431697
0.257450432
-0.273639768
0.0389846154
0.0871460885
-0.0862266272
-0.179787964
-0.270020217
-0.0275069028
-0.119251974
-0.277312875
-0.229632512
-0.244742393
0.0173638929
-0.109096907
0.020607654
0.151497558
0.264831752
0.0134787643
0.178390026
0.205647245
0.274237663
-0.00125037471
-0.0407276861
-0.143397927
0.0957631543
-0.101373903
-0.196343064
0.100118153
0.118181013
0.26039508
-0.0584536158
-0.20985949
-0.288335532
-0.282228619
0.102801688
0.278637052
0.0537129939
-0.0983430222
0.194571003
-0.113483079
-0.143535823
0.0528786406
-0.18477717
-0.203268602
-0.00550027378
-0.107751019
0.154366255
0.112774745
0.15480268
0.191599116
-0.377461642
-0.0392608345
0.012463578
0.14250803
-0.0916179419
-0.0861011818
-0.16959618
-0.122990981
0.0749238729
-0.0904514268
0.0471098796
0.213507503
-0.109228782
0.0966819078
0.00616014982
-0.0841104016
0.0144235138
0.109360382
-0.278614998
0.137756139
-0.0471310169
-0.0199325681
0.179437712
0.183515266
0.106291801
-0.00207530265
0.111644208
-0.196329832
-0.156846628
-0.0638273954
-0.0621171072
0.0246340744
-0.164564818
-0.0784205198
0.04656104
0.0462296344
0.385153562
0.0632939637
0.392652482
0.0418751538
-0.104857445
-0.00840770546
0.166050151
0.0765983313
0.0470213704
0.0884734392
0.115856662
0.0507122912
-0.0238883886
0.0342781655
0.0455870628
-0.149980083
-0.0033094387
-0.111393623
0.133234411
-0.123706728
0.0535253175
-0.0449713878
-0.0316028967
-0.234082475
-0.262610584
-0.0277177785
-0.133512437
0.185727909
0.115992084
0.105822928
-0.0576051548
-0.0151419174
-0.178520605
-0.520891547
0.119998626
-0.0220002029
0.0768691227
0.360496491
0.00103836635
0.141181931
0.047063645
0.0611293614
0.0967489034
-0.221507043
-0.0867845044
0.0858934894
-0.119920813
-0.17484501
0.0123588778
-0.194246471
0.23929508
0.194763213
0.0940091312
-0.0372310914
-0.35114947
3.06464353e-05
-0.146599099
-0.117628425
-0.355833262
-0.0220812093
0.262355
-0.185941726
0.316252828
0.0733669251
0.265928239
0.030188797
0.171875939
0.000315803773
-0.164587706
0.020464737
0.192410976
-0.0475402251
-0.111865133
0.0323573984
-0.210738569
0.136179939
0.0109019624
0.17095229
0.370444775
0.161727116
0.0918490589
-0.181623578
0.0266545173
-0.0593292788
0.112518981
-0.141545683
0.442053407
0.188984409
-0.223264709
-0.0438082963
0.0967872217
0.0951771364
0.213330612
-0.00979488343
-0.535426855
-0.241728604
0.0634197295
-0.338344783
-0.0863518864
0.183626786
-0.115803033
0.165218875
-0.177351847
-0.00493805017
-0.143239826
-0.272332758
0.148608059
0.308832079
0.143276617
-0.302739263
0.0631449893
-0.00995560363
-0.10922426
-0.0654076412
-0.272995383
0.23876372
0.119677149
0.16866
-0.178494811
0.0605459511
0.0384108946
0.109109595
0.181954414
0.180993095
0.314985573
0.286934972
0.517468512
-0.204987407
-0.336015552
0.0014959469
-0.314854592
-0.314330965
-0.0797896311
-0.135334119
-0.102221593
-0.031337481
-0.140598848
0.177103728
0.16822654
-0.0770282522
-0.224732667
-0.0435180143
-0.138446331
-0.248573199
-0.233404592
-0.0531267039
-0.170841992
0.116643965
-0.341791809
-0.0850047246
-0.038110625
-0.214820921
0.085791938
-0.0132368607
-0.120935313
0.0897781774
-0.15182434
0.102404512
-0.0484420583
0.0256881379
0.090900518
-0.0705129653
-0.157694072
0.0546027832
-0.113657959
0.0859162658
0.296361387
-0.055383198
0.0052493508
-0.0155505305
0.072404623
0.129032001
-0.0866387188
-0.427915245
-0.3465195
0.10750863
0.0891331211
-0.182962716
-0.144746065
-0.438297153
-0.193670318
0.262000799
-0.306033522
-0.20494698
-0.331140846
-0.162371233
0.0035392323
-0.212728888
0.0871888101
0.206218615
-0.277825892
-0.118339285
-0.0113969641
0.0229499303
-0.0266221855
-0.140756339
0.112030104
0.000923094398
0.258762479
-0.0211765431
-0.0560113266
0.0569835119
0.0996672288
0.267751604
-0.0529194623
-0.262235671
0.232659295
0.0665889904
-0.185485706
-0.0236102864
0.140602648
0.0174599942
-0.00596745545
0.0388432257
-0.136373371
0.00574754225
0.191303179
0.111732326
0.0143292984
0.0751877353
-0.126554787
-0.110551313
-0.437490612
-0.00161599298
-0.40150699
-0.400756985
0.0143540977
-0.33464548
-0.0370833091
-0.175779685
-0.0744508654
-0.274738669
0.135262087
-0.172123075
-0.349100471
0.00183607219
0.0139939245
0.319239199
0.00128346647
0.0668397844
0.099462755
0.127380177
0.133483231
-0.0184471682
0.00434720796
0.00821451657
0.13679111
-0.108784884
0.076580815
-0.186875865
-0.146529913
-0.0825019106
-0.206138045
-0.0759518296
-0.219139755
0.160213545
0.0650726333
-0.301366776
-0.0548147596
0.133617729
0.0304678325
0.0763400346
0.122397386
0.128913969
0.023195859
-0.0138307353
-0.180284023
-0.222153082
0.199424386
-0.120288558
-0.286516666
0.445983946
-0.137667671
-0.301008672
-0.00660951622
0.143992111
-0.111341484
0.153951153
0.13572301
0.127493978
-0.0306198467
-0.0636415854
0.0357811376
0.11530856
-0.00147193111
0.136584356
-0.162426665
0.121051118
0.0817662552
0.0302611999
0.123322479
0.0191821512
0.128973365
-0.0440278091
-0.0833739489
-0.137157917
0.106583595
0.214254305
0.203194439
0.120877102
0.159547091
0.215979278
-0.139399782
0.0295008961
-0.119162068
-0.139411062
0.0560036004
-0.167918593
-0.0534079857
0.0536031574
-0.213562608
0.120538458
0.0703456029
0.248722836
0.0593980439
0.233417735
-0.102966562
0.0709260032
-0.159708112
0.161315426
0.176021963
0.0505076014
0.179556563
-0.112278745
-0.0405127518
-0.0669351667
-0.282963067
-0.104736388
0.0460478514
-0.0334919952
0.0365946628
-0.052091103
0.138301834
0.107028238
-0.00180555671
-0.0137292389
-0.0930603594
0.0829757079
-0.128869399
-0.177407369
-0.0260988623
-0.374545634
-0.179535121
0.220662817
-0.00227666018
0.0161899105
-0.126497254
-0.0920538753
-0.464923561
0.08519122
-0.208510906
0.134424597
0.146770746
-0.00794020388
0.0118745379
0.137279719
0.09079808
0.285826802
0.191788778
0.0716984719
-0.0642312318
0.00789910462
-0.0497409888
-0.512152791
-0.334363014
-0.213868409
-0.25865978
0.130817294
0.217832923
0.223276228
0.158139408
0.0821069553
0.157162666
-0.255582958
-0.299924195
-0.116010867
0.00840805192
0.168881118
0.114419922
-0.0594508424
-0.220647484
0.22761789
0.0572878942
-0.0311433431
0.0661947578
0.00570383342
0.211954549
0.174582273
0.335387379
-0.0133603336
-0.286149621
-0.0162167568
0.00591706717
-0.221706331
0.0080556348
0.0225637071
0.163382187
0.0136753786
-0.141641721
0.032514587
0.0058735339
0.0468566976
-0.0529921912
0.00713494234
-0.0182948653
-0.0154559864
-0.196248263
-0.0672623664
-0.372411638
-0.18965815
-0.046059221
-0.293990046
-0.164342687
-0.0737641007
-0.0402903818
-0.221497089
0.0113686966
0.162994087
0.15604797
-0.098493956
-0.0745899826
0.169403642
0.0736782998
0.0346793085
0.030567782
0.0690596029
-0.125797108
0.0126037812
0.0542337857
0.39857322
0.119885705
0.0813356638
-0.15243946
0.0537513532
-0.186758801
-0.292153865
0.176119894
-0.177610397
0.12578772
0.124581426
-0.0946522281
-0.0227451809
0.149976194
-0.0829341263
-0.065475449
-0.00730000716
0.098495394
0.161216184
0.110705383
0.101407446
0.128519177
-0.154056311
-0.104966894
-0.129397526
0.00604192307
0.0867450759
0.148270175
0.335661143
-0.252997607
0.101963192
0.40720427
-0.0770765245
-0.788030446
-0.0309430547
-0.268455505
0.0988611355
-0.206111923
-0.17948392
0.0299169067
0.0131329587
-0.0565559939
-0.0794186071
0.0683755204
-0.120003983
-0.190814525
0.0695782229
0.0472597592
-0.0739612058
0.173163146
-0.078113094
-0.199937552
0.188609868
-0.101392046
0.215538755
-0.030769838
0.224249244
-0.0406053737
0.0247719847
-0.00709271757
0.178413138
-0.187120095
-0.0865545943
0.423728734
0.193132937
0.0628597811
0.0391866155
0.0578514859
0.00150381355
-0.153019369
0.194661409
-0.150499031
0.171944976
0.160776541
-0.0154353045
0.0686218143
-0.254825354
-0.0232580882
-0.0181106795
-0.120281406
-0.139082983
0.123554178
-0.24925229
-0.21822916
-0.159346044
0.130314454
-0.0043408866
0.308082342
-0.284103721
-0.267393351
0.157472521
0.153877556
-0.280553877
-0.243439749
0.204613894
-0.042171482
-0.0368722565
-0.148018315
-0.237674028
0.0589823276
-0.0954013318
-0.298255235
-0.044911854
-0.0275480747
0.383944005
-0.165034294
0.151041076
-0.158852816
0.0223980807
0.0741033182
0.0955551639
0.101132624
0.0906423479
0.0581677407
-0.128172949
0.207447797
-0.0030830591
0.0204663668
-0.191131711
0.146995366
0.227348238
-0.170333877
-0.30149895
0.0153979165
0.192356303
-0.0903365761
0.164051726
-0.100774616
-0.219433203
0.112179808
-0.310616285
-0.138967946
-0.141411304
-0.029412413
-0.181335703
-0.362630039
0.311928779
0.0599283017
0.0206536036
0.0147869866
0.180345044
-0.300219208
0.152719647
0.0704515725
0.0377046391
-0.228953898
0.0619170703
0.0145643577
0.119340882
0.0105224373
0.0380453393
0.105458245
0.00685006985
-0.253627211
-0.00650781533
-0.0268799309
0.105485238
-0.123119496
0.0983804688
-0.172815338
0.0175789166
-0.0813677907
0.0124980323
0.116153166
-0.158930108
-0.0189551562
0.075717628
-0.0139619242
0.184779406
0.083783932
-0.0964652449
-0.0792454556
0.0617016256
0.0829091892
0.215759724
-0.307022393
-0.0710190684
0.0610441528
0.0093274042
0.132327661
0.195842117
-0.0645856857
-0.0964398086
0.0831188262
-0.133679792
-0.274641544
0.166743696
-0.132606059
-0.234543651
-0.0807654485
-0.0428010114
-0.261319309
-0.0790978596
-0.00774805993
0.413219929
-0.135522678
0.237669811
-0.0154470447
-0.141018763
-0.162729204
-0.249393046
-0.0706060678
0.0703866407
0.346409172
-0.0322773419
-0.315808028
0.0410341807
0.391019821
-0.327030957
-0.20234479
0.156458512
-0.137557745
-0.00970215257
-0.0721562654
0.0205439329
-0.440517932
-0.275592327
-0.0841711387
0.172678754
0.064527072
-0.000752936408
-0.212473541
-0.0919843987
-0.103584751
0.324612826
-0.0798844621
-0.12687096
0.153091207
-0.019034164
0.346538931
0.317568302
0.0399485826
0.174157456
0.117356762
0.255238801
0.0138498787
-0.0791054368
-0.0932534486
0.200998768
-0.226110712
-0.140760541
-0.178139523
-0.158493906
0.186227307
-0.215772614
-0.339854062
0.0973754302
0.0393391028
-0.186439693
0.269024342
-0.0459245816
0.246258765
0.100718908
0.174560413
-0.127086625
-0.293921441
0.0970168486
-0.242527843
-0.0829297155
0.0948028713
-0.214415982
-0.145759791
0.273177534
0.0269053634
-0.358367532
-0.00742801651
-0.0608182549
-0.495451123
-0.0309640672
0.0320385471
0.0772243813
0.00578476349
-0.429749191
-0.241871059
0.0704595372
-0.000639834558
-0.0979085416
-0.0899424776
0.0135031156
0.18398276
0.0889123902
-0.0285166409
0.12175297
0.298325032
-0.135829151
-0.0255642291
0.121684588
0.0626608878
-0.244304419
0.0122276749
0.0913851112
0.269287139
-0.0585879721
0.0488056093
-0.0424047858
0.0799313262
-0.127965808
-0.251617461
0.0539566241
0.0435606465
0.00920832809
0.164466307
-0.0854443759
0.0445821658
-0.0239962656
-0.0557860173
0.00778295193
0.0180219375
0.0547148287
0.247360483
0.170078903
0.0304998327
-0.217337593
-0.0222501475
-0.562697351
-0.31513536
-0.105657786
0.202207714
0.355592817
0.168461815
-0.0749336481
-0.0306908544
-0.185702592
-0.0693945214
-0.117592707
-0.265868992
-0.00462390948
0.159439087
-0.00785695575
-0.199108258
0.0121085923
-0.141000047
-0.0449107699
0.00368456845
-0.0937923566
0.200270116
0.184047192
-0.0131834242
-0.0207857657
-0.0106074587
-0.054944355
0.0931457654
-0.159695327
0.0151051814
-0.0911308676
-0.095476523
0.140770257
0.0156506617
-0.353459746
0.142339945
0.238026246
-0.202875927
-0.0307474062
-0.291307837
-0.434115499
0.0538304709
-0.254810423
-0.337694943
-0.14970234
0.0365553871
-0.00801839586
0.0302688293
0.250001222
-0.0838551894
0.00469001755
0.239241198
-0.164118618
-0.00819527823
-0.425706506
-0.0679346994
0.0549412295
-0.439620346
-0.262177259
0.00166271173
-0.131564632
0.037378598
-0.143389165
-0.162425578
-0.287350804
-0.0581246316
0.0397545695
-0.316770464
-0.127448663
0.0672741681
0.150954679
0.176984176
0.050175067
-0.167160258
-0.0224732365
-0.0375561491
-0.0461403504
0.115219735
0.0663796589
-0.407364666
-0.291789144
0.0624284334
-0.110948384
0.175017267
-0.173306137
0.0577730425
0.0311401244
0.18325904
0.106252253
-0.0462012999
0.0382137634
0.276795626
-0.0797557682
-0.0585793629
0.0906556249
0.106400304
0.125959054
0.148959026
-0.0120499544
-0.149041072
-0.0363503881
0.288257241
-0.0494456366
-0.0466014408
0.0882090554
-0.283463657
0.0782469064
-0.0233451407
0.220082209
-0.10561128
-0.073249653
0.228585109
-0.00742126163
0.0620409623
0.253073454
0.0582371093
0.164899692
0.0708114579
0.0383434631
0.126184016
0.00940530561
0.196417645
-0.0585161746
0.229077324
-0.0640346855
-0.0941116959
0.112435371
-0.482755691
-0.102874704
0.231329948
-0.0284607448
0.0743051842
0.0343494639
-0.0252175387
0.0977532044
0.223653629
0.177173674
-0.145795435
-0.103797816
0.1316223
0.103577219
0.159739032
0.0621279925
0.0840430781
-0.131096706
0.105038412
-0.376976281
-0.0376446769
0.0676330924
-0.183419958
-0.124042153
-0.335255474
0.14440994
0.158999518
0.191278353
-0.22297509
-0.232525989
-0.294433475
-0.00486405613
-0.0606613383
-0.468049467
0.27553615
-0.0106899096
-0.273857653
-0.0921237618
0.00395242777
-0.0216911621
0.112064049
-0.0513489544
0.0691866428
0.126531929
0.102888279
0.0798755661
0.0539991334
-0.135254353
0.193313152
0.171853423
0.156209528
0.0954330638
0.126855403
0.0541974865
-0.112648718
-0.413091689
-0.0341813564
0.00780494977
-0.0741564855
0.043328166
0.110354863
-0.146958768
-0.0524435639
0.0793546587
0.0488253646
-0.153669238
0.230913475
0.195681795
-0.373377293
0.0797822773
-0.234394923
-0.264244378
-0.338168263
-0.0507055521
-0.106529124
-0.105160162
-0.0351358727
0.209972605
-0.0201808959
0.120469883
-0.211761311
-0.125128776
-0.108556442
-0.0681348816
0.139561877
-0.0836069286
0.141179964
-0.182761535
-0.202766061
-0.15051575
-0.0398183465
-0.0248764213
-0.0460879542
0.0812020525
-0.118741065
0.152747527
-0.275239378
0.0457484908
0.0838290602
0.0663761646
-0.163297221
0.129883036
-0.136635035
0.0868787095
0.090134263
-0.373872429
-0.0773561373
0.0381304175
-0.170367062
0.0623991601
-0.0617336407
0.061631266
-0.286135674
-0.343303263
0.176591933
-0.0635647774
0.0171505753
-0.0281963591
0.0701878816
-0.0287236478
0.0602495782
0.0589428768
0.0460910909
0.0569503903
0.0821450129
0.00618274789
0.0186691266
-0.291498333
-0.184330672
0.11487937
-0.242970556
0.0676910654
0.396744281
-0.0938698053
0.174932405
-0.273175776
0.123593405
-0.00537853548
0.115147524
0.0332493186
-0.30025214
-0.102821074
-0.0747404471
0.091449514
0.117620505
-0.23087813
-0.0657515004
0.260512471
-0.588335395
0.224849612
-0.0656592697
-0.22228919
0.0677116662
0.0308424551
0.0977218747
-0.142346427
0.124675095
0.0535149798
0.113395795
-0.263643712
0.0985959545
0.00194216217
-0.143684879
-0.0203692187
-0.0156585667
-0.294159383
0.116309889
0.163142309
0.199937463
-0.141494781
-0.0667542145
0.285175622
0.0613052249
-0.421995938
0.0646320507
0.0725848824
0.0835259035
-0.719403267
-0.0580199845
-0.188935533
-0.1727947
0.176488712
-0.217357859
-0.15487282
0.35298261
0.0647234544
0.098505266
-0.0747644827
0.0222447682
0.151437566
0.123640656
-0.257349133
-0.137068421
-0.0875619948
0.0555644408
-0.000878755294
-0.316874415
0.35837248
0.00379558327
-0.161376745
0.261459798
-0.0234132838
-0.123444773
0.164200336
-0.292468756
0.0275419094
0.0895237029
0.0513915308
-0.0373693816
0.160803527
-0.405537337
0.0981225669
0.00540307537
-0.127359018
0.178060681
0.0289844032
-0.158316836
0.0200861804
-0.290059507
0.012015407
0.26006189
-0.196899056
0.149656475
0.0624331385
0.0167103186
-0.376023859
0.0501852445
-0.111411393
-0.080517076
0.0448707454
0.0240653139
0.0312934443
0.124700196
0.195471317
0.131810904
-0.391612321
-0.00244574691
-0.164923504
-0.397809565
0.0863523185
0.138408855
0.117635079
0.0418038554
0.12006247
-0.162085265
-0.128129184
0.0283360966
-0.107822746
-0.199596062
0.00765767414
-0.0472605303
0.0889921561
0.351249754
-0.291256547
0.0347237326
0.365030497
-0.0683513805
0.151970372
-0.098594293
0.0630478412
0.0738731027
0.0225748122
0.0672245026
-0.0595105216
-0.0270121805
0.0253648963
0.0470908396
-0.0444965474
-0.0855226368
0.0238813218
0.1075489
-0.00922163855
-0.116435617
0.226348013
0.0158437509
0.070971489
-0.133189499
-0.00019969423
0.132878989
-0.0377101228
0.0965104327
-0.0662311986
-0.213209704
-0.00219560857
-0.066073209
-0.146974325
0.0834224373
-0.148756444
-0.285617054
-0.342120856
-0.0479368381
-0.390424609
0.390114367
0.308630735
0.0474012829
0.0545132011
0.0404515639
-0.126775384
-0.185565025
0.0818119198
-0.0101036439
0.0926145166
0.119483761
-0.226208791
0.354593426
0.376286745
0.0660407618
-0.216945738
0.0797456503
0.134749189
-0.120890364
-0.0501162969
0.0546653271
0.0537483171
0.187406495
0.0797245204
0.088350594
-0.0817552507
0.00882038381
-0.0229002181
-0.273689598
0.0508215725
0.152961165
0.187006548
0.0737664998
-0.00734088989
-0.218314722
-0.276128918
0.147204205
-0.200940147
-0.234974965
0.039157819
-0.0326787122
-0.27959308
-0.0348786414
-0.0850727782
0.0683169514
0.303031385
0.0617943145
0.222296447
0.573601782
-0.0309397895
-0.0169323348
0.251951814
-0.0800588056
-0.234489426
0.180938065
0.115358114
-0.170730606
-0.108047612
0.0756260231
-0.036340978
-0.172926515
0.0965297669
0.108193792
0.0405210555
-0.339142054
-0.115202345
-0.0334882066
-0.0427578688
-0.289460599
0.0715391561
-0.0595811196
-0.113107577
0.107123226
0.0791336596
0.259076744
0.0550665222
-0.0547439083
-0.00206864625
-0.139070213
0.0178501997
0.0733753145
-0.0655855909
0.0107581783
-0.232251003
0.0153666073
0.17091161
0.190126494
-0.352071673
-0.137108505
-0.0436277986
0.037285734
-0.0317357816
0.0310945604
-0.209775358
0.0448464304
-0.00253430917
-0.0100070508
0.0235239938
-0.119583517
-0.121459991
0.162017211
0.0219358224
-0.205575377
-0.15094915
-0.307918787
0.07872881
0.208444104
-0.270175964
0.34913224
-0.0492657796
-0.427598178
0.0221053567
-0.0394826122
0.0199115817
0.0726083666
0.0380609632
0.0731217191
-0.035297446
-0.039794188
-0.0105809569
0.044260554
-0.0438550897
-0.0225725472
0.345267147
0.113599077
0.136852905
-0.26485157
-0.0501956753
-0.105255075
0.0118507221
-0.0340734348
-0.224784419
-0.0927249566
0.033767961
0.08161138
-0.230175838
0.052777499
-0.167724162
-0.0762595162
0.0833342299
0.0378180668
0.0764250159
0.288454086
-0.0201307312
-0.091253683
-0.186455235
0.205238923
0.0241926014
0.0109408749
0.0995810553
-0.194117963
-0.136353791
0.249349281
0.123527326
0.0100952601
-0.325956404
-0.101902992
0.0948331878
-0.183878019
0.0764701739
-0.271741986
-0.129913941
0.227864206
0.190785602
0.00770842331
0.00587642845
-0.0256411023
-0.0208601635
0.0770671293
-0.090490602
0.0580979921
-0.145602331
0.0274617933
0.332908839
-0.194920495
0.031340763
-0.123662539
0.210759968
0.108245157
-0.0318423845
0.208419934
0.0227956288
-0.152148083
0.168706179
-0.0112816012
-0.0995308608
-0.107306406
-0.165277645
0.279757738
0.178910822
-0.0604481474
-0.0416547395
-0.0494659692
-0.61019969
0.0887488499
0.0503708012
-0.200347468
0.0690232664
0.0822823495
0.0863545612
0.0121087041
-0.0406470671
0.0884930864
0.132053614
-0.258353055
-0.0323282965
-0.423907071
-0.0284850653
-0.0659172088
0.0929957256
0.185791314
0.0459691212
0.118130222
-0.00606242055
-0.142055556
-0.0813083127
0.0159273725
0.0108408332
-0.181121096
0.0754652768
-0.0250728652
0.327360839
-0.415335834
0.045713827
0.158875838
-0.00349604315
0.00303840172
0.179348856
0.00563056394
-0.044076588
0.182924986
-0.161293104
-0.142962515
0.0526216812
-0.00717071211
0.0697084591
0.0698788688
-0.203531191
-0.0891893134
0.21739839
0.029149808
-0.114503443
-0.00840205606
0.213692054
0.0207850356
0.168552876
-0.395106554
-0.0882115364
-0.791785657
-0.134214953
0.0754988492
-0.0105621507
0.0154172014
-0.0746493191
0.0418949015
0.0158925056
0.0392928272
-0.0658288077
0.0555606708
-0.00979785156
0.0384293906
0.0238635838
-0.00439461088
0.0586591959
-0.00898764655
0.118051991
-0.0699690282
-0.179384351
-0.0308586657
-0.00684200414
-0.00392505387
0.353810757
0.0432880148
-0.023938816
-0.193917528
0.184563398
0.162794754
-0.13239044
-0.0563919544
-0.346273869
0.069148317
0.166180044
-0.169460446
0.194358811
-0.0699484572
0.186512724
-0.195289418
-0.111020595
0.212518677
-0.0962723568
-0.00467700139
0.0354669727
-0.237712532
0.0629173368
-0.449121386
-0.138706446
-0.107181035
-0.273662835
-0.289437532
0.194652691
-0.117700711
-0.400768161
-0.267847776
-0.0052333232
-0.106696434
-0.0510282442
-0.214458197
0.0257641282
-0.081678398
0.475294381
-0.0338507928
-0.116295427
0.0261272248
-0.122015834
0.00536897965
0.171564355
-0.0997966528
0.0986659229
-0.599469006
-0.00197698874
-0.104493089
-0.208549216
-0.00127663335
0.120018706
-0.41642043
0.182110146
0.160477072
-0.0221915096
-0.117982052
0.0909119993
-0.297452509
-0.117355764
0.00357973087
-0.0370182618
-0.0554036871
0.0522780269
-0.113547474
0.0118844463
-0.102771811
0.0208511073
-0.220693097
-0.0555845983
0.0985664576
0.133997723
-0.0157554988
0.0437026694
-0.0644844919
-0.106546044
0.0172248762
-0.0167632289
0.0299251601
0.0266698208
0.135181352
-0.00713252788
-0.149826795
-0.495339364
-0.045420453
0.257151276
0.183365852
-0.0340152942
-0.0246308111
-0.22340937
0.0447095074
-0.0894710645
-0.290237069
-0.161158085
0.222726375
0.166793168
-0.210174337
-0.00312352134
-0.419237226
-0.180052608
0.248191625
0.21498917
0.144176796
-0.0540291965
-0.119663224
-0.222850978
0.156831369
-0.0150713306
0.0838426501
0.0425759032
-0.0526629351
-0.0178845804
0.0578746386
0.245728046
0.0324786939
-0.136835158
-0.125652581
-0.406690687
0.0975204781
-0.282497585
0.137513489
-0.038357418
-0.0516383164
-0.146003112
0.0384974666
-0.0387100354
-0.0531508215
0.0503279865
-0.0760090724
-0.0155144129
-0.0681685805
-0.0751462132
-0.00552141247
0.0756312609
0.0787786096
0.0299507193
-0.0728345141
-0.263890207
-0.0922373608
0.090568997
-0.23376663
-0.575525463
0.223952249
-0.0526311249
-0.664985061
-0.323081255
0.0068123634
0.100496091
0.279821247
-0.00544068683
-0.141119629
0.0988898352
0.205421463
-0.151173055
0.203820065
-0.16007787
-0.0751516446
0.0130735449
0.0198549889
-0.253811836
-0.0813084096
0.176525801
0.0621325076
0.0138965063
0.161161795
-0.103132278
0.155848891
0.0909192115
0.188604504
-0.165835142
-0.0351827778
-0.237712592
-0.587548018
-0.292913437
0.13786298
0.109725401
0.214053467
0.103190817
-0.0132581228
0.0780857578
-0.00883384235
-0.200666219
-0.0549754538
0.315475315
-0.0615163781
0.219289333
-0.00758958561
0.0125973066
0.164410338
-0.0864870474
0.249528646
-0.100755401
-0.0357463285
-0.0666711405
-0.091649808
-0.0352957956
0.013087851
-0.163391069
-0.311751544
-0.0921935812
-0.0716991052
-0.187865093
0.172375724
0.127922431
0.23412326
0.182326972
-0.0210413523
0.0168359727
-0.274650425
0.14807497
-0.279398561
-0.0599970073
0.0236065872
0.0432276949
0.238152474
0.0148134595
0.0387626849
-0.127981514
-0.0195273906
0.174142659
0.115050741
-0.01881136
-0.0712617859
-0.120652959
-0.134636626
0.0575430617
-0.262443006
0.0851386115
0.120259553
0.0275313631
-0.0249233097
0.155261725
0.0230123289
0.075050354
-0.218164906
-0.296267986
-0.0178040192
0.14071095
0.224063382
-0.129606456
-0.199309155
0.119247429
0.118586056
0.148805559
-0.0683928356
0.105519705
-0.448412091
0.135401219
0.147851542
0.181349874
0.124153875
-0.0800113603
-0.128270492
0.18074517
-0.089789778
-0.21700798
0.0458665527
-0.137861356
-0.028188413
0.0797751099
0.201390058
0.213049769
0.159891993
0.0490753241
0.141440913
0.0574374869
-0.365988255
0.0288757216
-0.193966612
-0.0530578159
0.0624485463
0.0172906518
-0.00604658248
0.0228524357
0.0129616857
-0.0604495816
0.0251655187
0.0491580293
-0.0433970317
-0.0540588908
-0.156543434
-0.0437096283
0.0529479422
-0.0589679331
-0.177380145
0.230198771
0.144273043
0.0349535234
0.269526273
-0.0162093975
-0.0602164194
-0.13612324
-0.22210148
-0.200459823
0.071865879
-0.212293774
0.073645629
0.181348115
0.0249241162
-0.121036179
0.00682454044
0.0196537822
-0.0233497955
0.165366292
0.241198838
0.0343022831
0.0170019306
-0.0186086372
0.146667942
-0.0374544524
-0.0405959673
-0.0414207093
-0.16911307
-0.366425306
0.209464058
0.0967978016
0.049627468
0.382319897
0.115074784
-0.00545921316
-0.0149542289
0.162537619
-0.103509367
-0.164816722
-0.146591455
-0.215781406
0.0701427832
0.0900098383
0.0074553364
0.0179700963
-0.0861443877
0.0213789549
0.0612487011
-0.0916013494
0.211597607
0.177252769
0.28641817
-0.0753952786
-0.039685294
-0.22012043
-0.497444272
0.113236405
0.018924173
0.0975657701
0.2340893
0.216693506
-0.0411284082
-0.0762638971
-0.119769044
-0.492474258
-0.121928029
0.133028269
-0.11160814
0.180325195
0.144702524
-0.334989637
-0.135436371
-0.0266678929
-0.0402421318
0.136403978
-0.0769595802
0.16118513
0.249587983
-0.139635414
0.111061275
-0.200519577
-0.274034649
0.217918977
-0.179336011
-0.375584781
-0.218465686
0.0283647943
0.0338470563
-0.465201676
-0.180550054
0.00103387795
-0.16698882
0.13091813
0.0748587623
0.0314714871
-0.167746142
0.156502053
0.0603206903
-0.0869607478
0.0291917007
0.0050247605
0.0419875272
0.0939675719
0.187961951
-0.0890798941
0.126991048
-0.0295126885
-0.245493338
0.0462534986
0.023006171
0.0918918699
-0.22352545
0.133711442
-0.0286538079
-0.17423366
-0.0671256185
0.0936834514
0.202158958
-0.302341551
-0.104488522
0.035169214
0.0499707535
0.120117903
-0.00920837931
-0.0179843009
0.0488665439
0.00624870835
-0.270755857
0.0850649104
0.0326698273
-0.0203872919
-0.0217558239
-0.0784548819
-0.0128590269
0.0528054647
-0.0731426254
-0.00643722247
0.060744565
-0.0237845592
-0.13351351
-0.265761673
0.0839003026
-0.163320631
-0.0540786535
0.197485715
-0.133049205
-0.203746945
-0.00791039784
0.220438927
0.106838137
0.0907636732
-0.156194046
-0.201888725
-0.0722363815
0.0456013642
-0.224551752
-0.137089387
-0.0954693407
-0.273355633
-0.0534858555
-0.190855265
-0.128730699
0.308662206
-0.624685943
-0.0489570238
0.132054046
-0.0272489004
-0.149608105
0.0890038684
0.139431596
0.157721475
-0.126047179
0.0299845487
-0.158952132
0.0294357855
0.419319063
0.225371167
0.209317625
-0.260731608
-0.0272080265
-0.253190279
0.0696949288
-0.0115947509
0.018472774
0.0398029685
-0.000944438158
-0.471271545
0.113277853
0.0666883811
-0.0677561164
-0.307891071
0.176291764
-0.106827274
0.149841696
-0.652227283
-0.020080369
-0.00864951219
-0.26405108
0.137963831
0.152344361
0.0848882496
0.148400664
-0.134815827
-0.0288862828
-0.198974475
0.0585734285
0.10123606
-0.244308829
-0.0298008248
0.221391961
-0.151442736
-0.258421838
-0.416878223
0.24369064
0.209751114
0.139263943
-0.17047739
0.142565206
-0.145927951
0.0301051699
0.0549774207
-0.176476091
0.331563711
-0.094289273
-0.0355457067
0.369036376
0.0532138869
0.162956342
0.179750964
0.166635886
-0.104691364
0.0548320375
0.187562883
-0.00129157468
0.0219480712
-0.144001946
-0.3380481
0.0244068019
0.19847551
0.251098424
-0.0458796285
0.12601392
-0.114517614
0.0832473561
0.0273267087
-0.340039402
-0.292380959
0.160697982
0.116557792
-0.15115656
0.0460803732
-0.19386825
-0.0555939004
-0.302749962
-0.0975487232
-0.102701247
0.109360993
0.287795752
-0.0384275652
-0.504011452
-0.0572235584
0.0568927713
0.0152012222
-0.283376098
-0.182685614
0.128870174
-0.595039666
-0.96255666
-0.0191106368
0.0859374404
0.165077001
0.0656775534
0.0962232426
0.06957037
0.0596981756
-0.0304242689
0.0423741639
0.048726283
-0.0679412335
0.0120998677
0.0332685709
-0.0500973165
0.077045761
0.0697739348
0.18349877
0.0224500019
0.127061129
0.156575501
-0.0593979098
0.0955805853
-0.216291294
-0.249835372
-0.123737559
-0.129480332
0.192791387
-0.162032992
0.163205147
-0.198524699
0.0532747358
0.026612496
-0.167457074
0.19495894
0.11844755
0.0128458505
0.133514732
0.175030857
-0.0160123538
-0.227061018
-0.0440404043
0.0689595193
0.0176473986
0.210564062
-0.020450484
-0.04033437
0.0178619847
0.0275531448
-0.179499522
0.0485648923
-0.0948695987
0.242069423
-0.144757241
0.21602498
0.00211460516
-0.135640055
0.0848646685
-0.226137742
-0.0636163205
0.183230281
0.0419824645
-0.0569659956
0.136230335
0.26891464
-0.0692744479
-0.0094277272
-0.000725993363
-0.074924022
-0.228322193
0.0304432269
0.45447728
0.120425254
-0.0659487993
0.0445323698
-0.167782441
-0.0678265989
-0.258861482
-0.129024684
-0.0822880939
-0.116142698
0.0966384038
-0.441946089
-0.0580120608
0.151738644
0.151101872
-0.0476974249
0.0328253992
0.141602099
-0.186675474
-0.129142821
0.0673135966
-0.112849265
0.173570052
-0.342859119
-0.250172824
0.140261456
-0.00446812902
-0.287419438
-0.0737976283
0.106889009
0.0201829281
-0.109529287
-0.0544166788
0.0498384945
-0.140365183
-0.0537360869
-0.0128342686
0.201310024
-0.17926304
0.0826178938
-0.00543725258
-0.183919564
0.0223306753
-0.139318958
0.0307105649
-0.0884547532
-0.0753244013
-0.0190477148
0.0859777555
0.040499121
-0.247369349
0.261364847
0.0442599207
-0.239113808
-0.0785769001
0.0702038035
0.11439734
0.167197928
0.0234143604
0.021082513
-0.197469071
0.167843357
-0.0435688458
-0.0561144352
-0.104234517
0.0614221357
-0.0414071046
-0.243123844
0.13241154
-0.237016931
0.295916289
0.205496728
0.0147945676
-0.128852651
0.0889540389
-0.386999875
-0.232409388
0.245004267
0.0763963163
-0.0959410071
-0.01652373
-0.0525751188
-0.0389544889
0.000683496415
-0.00611968851
0.0522873849
-0.0753091201
0.00743802404
-0.0265040603
0.0485647134
0.121635638
-0.0486192852
0.131606817
-0.0679539517
-0.41285345
-0.265733391
-0.225920111
0.0209525134
0.271214068
-0.0514202304
0.0538345799
0.181633115
-0.0273253284
-0.0342785381
0.180113852
-0.262070209
0.14449881
-0.158214092
0.0459162146
0.0212085098
0.0339240953
-0.0378485769
-0.194050327
-0.0178404618
-0.133818656
-0.160589218
0.245596632
0.00434458954
0.230266407
0.0772257373
0.0365412869
-0.232737496
0.0937573612
-0.189546838
-0.0280660428
-0.508042157
-0.233253404
-0.018112421
0.018646339
-0.0423564576
0.000107666245
0.255588502
-0.054031115
-0.0721227005
-0.0790004134
-0.000698768592
-0.121731929
-0.215246037
0.0324959457
0.0155173028
0.163376018
-0.0606693141
0.26142174
-0.145533234
-0.00905859098
-0.322745919
0.00212714379
0.0333616287
0.192212448
0.319517612
0.0317209028
0.148829252
0.231823474
-0.0850877613
-0.151363432
0.0284398161
0.144693837
-0.0465748459
-0.0245876778
0.0402582698
-0.294668525
0.293512881
-0.347171456
-0.0797228888
-0.32079044
0.0745279565
0.123829953
0.0616818406
0.0227469299
-0.00241059205
0.00393997179
-0.141723007
-0.435417205
-0.0386254191
0.0952052251
-0.10556151
-0.226563498
0.151639536
-0.0647902489
-0.0992864072
0.0207066573
0.0236534979
-0.082850568
0.187117785
-0.0936913788
0.0764913037
-0.146460205
-0.0242772587
-0.045084551
0.123580031
0.0188937001
-0.332402736
-0.0251221303
0.0233034398
0.0653125569
-0.237876967
-0.0830666646
-0.359304994
-0.288502425
-0.0901602879
0.157478362
0.246170565
-0.174907997
0.0656951591
-0.112624332
0.120691575
-0.294202954
-0.0683982819
0.209119231
0.327655703
-0.151125059
0.0685708299
-0.148292631
-0.112007774
-0.259771168
0.213720843
0.187496886
-0.848334491
0.0156725273
-0.374661207
-0.0460552834
-0.198462144
-0.0119920475
0.0168597996
0.0642460883
0.0596871115
-0.0755424872
0.00598307466
-0.068430841
-0.0659785867
0.0639903471
-0.0663932711
-0.0408680849
0.138277471
0.119316541
-0.0879428461
-0.423566192
0.0260964762
-0.192821383
0.161088005
0.154508755
-0.260175347
0.055858776
0.0358758159
-0.171628073
-0.00687745446
0.00562622212
0.14362058
0.146418646
0.150476322
-0.39322111
-0.109836772
0.045854535
0.120903552
-0.255906761
-0.25521794
-0.0985810533
0.00896514114
0.0748856366
-0.145243064
0.135089844
-0.22498484
-0.185559139
0.0980242863
0.000126060826
0.0826275125
0.0115392087
-0.116206676
0.365854263
-0.0645188615
-0.0396254249
-0.266803175
0.211926237
-0.00182761846
0.114623353
-0.185409799
0.120080993
-0.208138838
-0.076745607
-0.0772478878
-0.14818421
-0.144610718
0.187364221
0.100396499
-0.192561284
-0.0038620776
-0.209055483
-0.0108481944
-0.166720212
0.110856779
-0.0366554335
0.178885847
0.127323031
-0.279037416
-0.165126741
-0.307486564
-0.0821571276
0.15984115
-0.0932009518
0.209700301
-0.0536311381
-0.198942184
-0.0511937775
-0.167084113
0.244447395
