0.0487543344
0.0582036376
0.0582036376
0.0582036376
0.0582036376
0.0582036376
0.0582036376
0.0582036376
0.0582036376
0.0582036376
0.0582036376
0.0582036376
0.0582036376
0.0582036376
0.0582036376
0.0582036376
0.0582036376
0.0582036376
0.0582036376
0.0582036376
0.0582036376
0.0582036376
0.0582036376
0.0582036376
0.0582036376
0.0582036376
0.0582036376
0.304429382
0.10001415
-0.0259179175
-0.0259179175
-0.0259179175
-0.0259179175
-0.0259179175
-0.0259179175
-0.0259179175
-0.0259179175
-0.0259179175
-0.0259179175
-0.0259179175
-0.0259179175
-0.0259179175
-0.0259179175
-0.0259179175
-0.0259179175
-0.0259179175
-0.0259179175
-0.0259179175
-0.0259179175
-0.0259179175
-0.0259179175
-0.0259179175
-0.0259179175
-0.0259179175
-0.0259179175
0.0673455298
0.10001415
-0.0259179175
-0.0259179175
-0.0259179175
-0.0259179175
-0.0259179175
-0.0259179175
-0.0259179175
-0.0259179175
-0.0259179175
-0.0259179175
-0.0259179175
-0.0259179175
-0.0259179175
-0.0259179175
-0.0259179175
-0.0259179175
-0.0259179175
-0.0259179175
-0.0259179175
-0.0259179175
-0.0259179175
-0.0259179175
-0.0259179175
-0.0259179175
-0.0259179175
-0.0259179175
0.0673455298
0.10001415
-0.0259179175
-0.0259179175
-0.0259179175
-0.0259179175
-0.0259179175
-0.0259179175
-0.0259179175
-0.0259179175
-0.0259179175
-0.0259179175
-0.0259179175
-0.0259179175
-0.0259179175
-0.0259179175
-0.0259179175
-0.0259179175
-0.0259179175
-0.0259179175
-0.0259179175
-0.0259179175
-0.0259179175
-0.0259179175
-0.0259179175
-0.0259179175
-0.0259179175
-0.0259179175
0.0673455298
0.10001415
-0.0259179175
-0.0259179175
-0.0259179175
-0.0259179175
-0.0259179175
-0.0259179175
-0.0259179175
-0.0259179175
-0.0259179175
-0.0259179175
-0.0259179175
-0.0259179175
-0.0259179175
-0.0259179175
-0.0259179175
-0.0259179175
-0.0259179175
-0.0259179175
-0.0259179175
-0.0259179175
-0.0259179175
-0.0259179175
-0.0259179175
-0.0259179175
-0.0259179175
-0.0259179175
0.0673455298
0.10001415
-0.0259179175
-0.0259179175
-0.0259179175
-0.0259179175
-0.0259179175
-0.0259179175
-0.0259179175
-0.0259179175
-0.0259179175
-0.0259179175
-0.0259179175
-0.0259179175
-0.0259179175
-0.0259179175
-0.0259179175
-0.0259179175
-0.0259179175
-0.0259179175
-0.0259179175
-0.0259179175
-0.0259179175
-0.0259179175
-0.0259179175
-0.0259179175
-0.0259179175
-0.0259179175
0.0673455298
0.10001415
-0.0259179175
-0.0259179175
-0.0259179175
-0.0259179175
0.207864061
0.515329242
0.0980961323
-0.385122538
-0.52433759
-0.583835483
-0.283601463
-0.187308967
-0.0259179175
-0.0259179175
-0.0259179175
-0.0259179175
-0.0259179175
-0.0259179175
-0.0259179175
-0.0259179175
-0.0259179175
-0.0259179175
-0.0259179175
-0.0259179175
-0.0259179175
-0.0259179175
0.0673455298
0.10001415
-0.0259179175
-0.0259179175
-0.0259179175
-0.0259179175
0.978731275
1.84406316
1.3822825
1.55139136
1.0001725
0.558254719
-0.182431579
-0.341940999
-0.300352693
-0.300352693
-0.300352693
-0.300352693
-0.300352693
-0.300352693
-0.378280044
-0.715478063
-0.771717906
-0.259038329
-0.0259179175
-0.0259179175
-0.0259179175
-0.0259179175
0.0673455298
0.10001415
-0.0259179175
-0.0259179175
-0.0259179175
-0.0259179175
0.797279
1.5275104
2.91805315
3.31308222
3.93855238
3.68386793
3.04639626
2.30168056
1.92542958
2.06454301
1.9345336
1.92340112
1.86369979
1.94461751
1.91767848
0.864467561
-0.257243693
-0.435172439
-0.0259179175
-0.0259179175
-0.0259179175
-0.0259179175
0.0673455298
0.10001415
-0.0259179175
-0.0259179175
-0.0259179175
-0.0259179175
-0.736277938
0.203342348
1.42586029
1.82587206
1.99587309
2.71481061
3.52830839
3.3515954
3.25198746
3.46333456
3.34751844
3.30683446
3.09036493
3.75061512
4.15075588
2.81681442
1.18707252
0.298039764
-0.0259179175
-0.0259179175
-0.0259179175
-0.0259179175
0.0673455298
0.10001415
-0.0259179175
-0.0259179175
-0.0259179175
-0.0259179175
-0.3334167
-0.344673157
0.263664544
0.133655936
-0.133672893
-0.0289931297
0.515933037
0.964213669
1.1526258
1.05731988
1.39769554
1.37921596
1.49640918
2.64769554
2.73892808
2.32933021
1.87317824
0.907224715
-0.0259179175
-0.0259179175
-0.0259179175
-0.0259179175
0.0673455298
0.10001415
-0.0259179175
-0.0259179175
-0.0259179175
-0.0259179175
-0.0259179175
-0.0259179175
-0.0259179175
-0.0259179175
-0.0259179175
-0.10394001
-0.276951432
0.180283189
-0.0226013958
-0.0720966756
0.14319095
0.241135851
1.36746264
1.28252983
0.918626487
1.85044098
1.88666177
0.480249465
-0.0259179175
-0.0259179175
-0.0259179175
-0.0259179175
0.0673455298
0.10001415
-0.0259179175
-0.0259179175
-0.0259179175
-0.0259179175
-0.0259179175
-0.0259179175
-0.0259179175
-0.0259179175
-0.0259179175
-0.0259179175
-0.0259179175
-0.0259179175
-0.0259179175
-0.0259179175
-0.0259179175
0.434408337
1.47671139
1.16648495
1.27634335
1.81328583
1.02928185
0.0471986234
-0.0259179175
-0.0259179175
-0.0259179175
-0.0259179175
0.0673455298
0.10001415
-0.0259179175
-0.0259179175
-0.0259179175
-0.0259179175
-0.0259179175
-0.0259179175
-0.0259179175
-0.0259179175
-0.0259179175
-0.0259179175
-0.0259179175
-0.0259179175
-0.0259179175
-0.0259179175
0.138286084
1.17864037
1.03291154
1.10804772
2.15205431
2.11122179
0.496011436
-0.0259179175
-0.0259179175
-0.0259179175
-0.0259179175
-0.0259179175
0.0673455298
0.10001415
-0.0259179175
-0.0259179175
-0.0259179175
-0.0259179175
-0.0259179175
-0.0259179175
-0.0259179175
-0.0259179175
-0.0259179175
-0.0259179175
-0.0259179175
-0.0259179175
-0.0259179175
-0.0259179175
0.615915656
1.44690001
1.33917332
1.17621851
1.93833292
1.31306982
0.152811408
-0.0259179175
-0.0259179175
-0.0259179175
-0.0259179175
-0.0259179175
0.0673455298
0.10001415
-0.0259179175
-0.0259179175
-0.0259179175
-0.0259179175
-0.0259179175
-0.0259179175
-0.0259179175
-0.0259179175
-0.0259179175
-0.0259179175
-0.0259179175
-0.0259179175
-0.0259179175
-0.000869870186
0.889092684
1.27752781
1.27795351
2.00980759
1.7347064
0.246925786
-0.0259179175
-0.0259179175
-0.0259179175
-0.0259179175
-0.0259179175
-0.0259179175
0.0673455298
0.10001415
-0.0259179175
-0.0259179175
-0.0259179175
-0.0259179175
-0.0259179175
-0.0259179175
-0.0259179175
-0.0259179175
-0.0259179175
-0.0259179175
-0.0259179175
-0.0259179175
-0.0259179175
0.366197526
1.07998526
1.00473785
1.19059777
1.94584572
0.992514133
-0.00560775399
-0.0259179175
-0.0259179175
-0.0259179175
-0.0259179175
-0.0259179175
-0.0259179175
0.0673455298
0.10001415
-0.0259179175
-0.0259179175
-0.0259179175
-0.0259179175
-0.0259179175
-0.0259179175
-0.0259179175
-0.0259179175
-0.0259179175
-0.0259179175
-0.0259179175
-0.0259179175
0.182815984
1.23507917
1.00305843
0.704185545
1.8292793
1.66723847
0.209679857
-0.0259179175
-0.0259179175
-0.0259179175
-0.0259179175
-0.0259179175
-0.0259179175
-0.0259179175
0.0673455298
0.10001415
-0.0259179175
-0.0259179175
-0.0259179175
-0.0259179175
-0.0259179175
-0.0259179175
-0.0259179175
-0.0259179175
-0.0259179175
-0.0259179175
-0.0259179175
0.0269613266
0.940470338
1.45832598
0.885538995
1.34566331
1.98879361
0.952746809
-0.0259179175
-0.0259179175
-0.0259179175
-0.0259179175
-0.0259179175
-0.0259179175
-0.0259179175
-0.0259179175
0.0673455298
0.10001415
-0.0259179175
-0.0259179175
-0.0259179175
-0.0259179175
-0.0259179175
-0.0259179175
-0.0259179175
-0.0259179175
-0.0259179175
-0.0259179175
-0.0175685883
0.627486706
1.45932758
0.714920759
1.39337802
2.03754807
1.66312551
0.205617815
-0.0259179175
-0.0259179175
-0.0259179175
-0.0259179175
-0.0259179175
-0.0259179175
-0.0259179175
-0.0259179175
0.0673455298
0.10001415
-0.0259179175
-0.0259179175
-0.0259179175
-0.0259179175
-0.0259179175
-0.0259179175
-0.0259179175
-0.0259179175
-0.0259179175
-0.0259179175
0.0936547518
1.5491066
1.3998965
1.30644226
1.62796807
2.18752241
0.795364022
-0.0259179175
-0.0259179175
-0.0259179175
-0.0259179175
-0.0259179175
-0.0259179175
-0.0259179175
-0.0259179175
-0.0259179175
0.0673455298
0.10001415
-0.0259179175
-0.0259179175
-0.0259179175
-0.0259179175
-0.0259179175
-0.0259179175
-0.0259179175
-0.0259179175
-0.0259179175
0.0603587627
0.768443406
0.968669355
0.895010829
1.62034321
2.28631163
1.28935337
0.116253138
-0.0259179175
-0.0259179175
-0.0259179175
-0.0259179175
-0.0259179175
-0.0259179175
-0.0259179175
-0.0259179175
-0.0259179175
0.0673455298
0.10001415
-0.0259179175
-0.0259179175
-0.0259179175
-0.0259179175
-0.0259179175
-0.0259179175
-0.0259179175
-0.0259179175
-0.0259179175
0.486983329
1.66892886
1.05849087
1.02404225
1.70707202
1.49350905
0.291058004
-0.0259179175
-0.0259179175
-0.0259179175
-0.0259179175
-0.0259179175
-0.0259179175
-0.0259179175
-0.0259179175
-0.0259179175
-0.0259179175
0.0673455298
0.10001415
-0.0259179175
-0.0259179175
-0.0259179175
-0.0259179175
-0.0259179175
-0.0259179175
-0.0259179175
-0.0259179175
0.143852323
1.13689947
1.1020174
1.77794611
2.25341463
1.44598436
0.429524064
-0.0218558609
-0.0259179175
-0.0259179175
-0.0259179175
-0.0259179175
-0.0259179175
-0.0259179175
-0.0259179175
-0.0259179175
-0.0259179175
-0.0259179175
0.0673455298
0.10001415
-0.0259179175
-0.0259179175
-0.0259179175
-0.0259179175
-0.0259179175
-0.0259179175
-0.0259179175
-0.0259179175
0.591727614
1.39829183
1.57991946
2.59036517
2.62003136
1.41146922
0.224361613
-0.0259179175
-0.0259179175
-0.0259179175
-0.0259179175
-0.0259179175
-0.0259179175
-0.0259179175
-0.0259179175
-0.0259179175
-0.0259179175
-0.0259179175
0.0673455298
0.10001415
-0.0259179175
-0.0259179175
-0.0259179175
-0.0259179175
-0.0259179175
-0.0259179175
-0.0259179175
-0.0259179175
0.588049471
1.3119334
2.31598616
2.34819412
2.50042868
2.1185267
0.3532902
-0.0259179175
-0.0259179175
-0.0259179175
-0.0259179175
-0.0259179175
-0.0259179175
-0.0259179175
-0.0259179175
-0.0259179175
-0.0259179175
-0.0259179175
0.0673455298
0.10001415
-0.0259179175
-0.0259179175
-0.0259179175
-0.0259179175
-0.0259179175
-0.0259179175
-0.0259179175
-0.0259179175
-0.0240798593
0.695052147
2.26651311
2.52051997
2.41159892
1.06131971
0.136563301
-0.0259179175
-0.0259179175
-0.0259179175
-0.0259179175
-0.0259179175
-0.0259179175
-0.0259179175
-0.0259179175
-0.0259179175
-0.0259179175
-0.0259179175
0.0673455298
0.203234181
-0.0721123815
-0.0721123815
-0.0721123815
-0.0721123815
-0.0721123815
-0.0721123815
-0.0721123815
-0.0721123815
-0.627445936
-0.868620515
0.244445041
1.50869572
0.823655367
0.00100415945
-0.0721123815
-0.0721123815
-0.0721123815
-0.0721123815
-0.0721123815
-0.0721123815
-0.0721123815
-0.0721123815
-0.0721123815
-0.0721123815
-0.0721123815
-0.0721123815
-0.0716060996
-0.599187016
-0.672925055
-0.672925055
-0.672925055
-0.672925055
-0.672925055
-0.672925055
-0.672925055
-0.672925055
-0.672925055
-0.672925055
-0.672925055
-0.672925055
-0.672925055
-0.672925055
-0.672925055
-0.672925055
-0.672925055
-0.672925055
-0.672925055
-0.672925055
-0.672925055
-0.672925055
-0.672925055
-0.672925055
-0.672925055
-0.672925055
-0.471545458
-0.749848783
-0.678061068
-0.678061068
-0.678061068
-0.678061068
-0.678061068
-0.678061068
-0.678061068
-0.678061068
-0.678061068
-0.678061068
-0.678061068
-0.678061068
-0.678061068
-0.678061068
-0.678061068
-0.678061068
-0.678061068
-0.678061068
-0.678061068
-0.678061068
-0.678061068
-0.678061068
-0.678061068
-0.678061068
-0.678061068
-0.678061068
-0.401937425
-0.749848783
-0.678061068
-0.678061068
-0.678061068
-0.678061068
-0.678061068
-0.678061068
-0.678061068
-0.678061068
-0.678061068
-0.678061068
-0.678061068
-0.678061068
-0.678061068
-0.678061068
-0.678061068
-0.678061068
-0.678061068
-0.678061068
-0.678061068
-0.678061068
-0.678061068
-0.678061068
-0.678061068
-0.678061068
-0.678061068
-0.678061068
-0.401937425
-0.749848783
-0.678061068
-0.678061068
-0.678061068
-0.678061068
-0.678061068
-0.678061068
-0.678061068
-0.678061068
-0.678061068
-0.678061068
-0.678061068
-0.678061068
-0.678061068
-0.678061068
-0.678061068
-0.678061068
-0.678061068
-0.678061068
-0.678061068
-0.678061068
-0.678061068
-0.678061068
-0.678061068
-0.678061068
-0.678061068
-0.678061068
-0.401937425
-0.749848783
-0.678061068
-0.678061068
-0.678061068
-0.678061068
-0.678061068
-0.678061068
-0.678061068
-0.678061068
-0.678061068
-0.678061068
-0.678061068
-0.678061068
-0.678061068
-0.678061068
-0.678061068
-0.678061068
-0.678061068
-0.678061068
-0.678061068
-0.678061068
-0.678061068
-0.678061068
-0.678061068
-0.678061068
-0.678061068
-0.678061068
-0.401937425
-0.749848783
-0.678061068
-0.678061068
-0.678061068
-0.678061068
-0.678061068
-0.678061068
-0.678061068
-0.678061068
-0.678061068
-0.678061068
-0.678061068
-0.678061068
-0.678061068
-0.678061068
-0.678061068
-0.678061068
-0.678061068
-0.678061068
-0.678061068
-0.678061068
-0.678061068
-0.678061068
-0.678061068
-0.678061068
-0.678061068
-0.678061068
-0.401937425
-0.749848783
-0.678061068
-0.678061068
-0.678061068
-0.678061068
-0.576246023
-0.0898485333
0.231576234
0.00737822056
-0.111369193
-0.526701033
-0.58257103
-0.714361131
-0.678061068
-0.678061068
-0.678061068
-0.678061068
-0.678061068
-0.678061068
-0.678061068
-0.678061068
-0.678061068
-0.678061068
-0.678061068
-0.678061068
-0.678061068
-0.678061068
-0.401937425
-0.749848783
-0.678061068
-0.678061068
-0.678061068
-0.678061068
-0.00324346125
1.75522518
2.13951111
2.31036425
1.76137316
1.31153965
0.658998787
0.292817324
0.220227093
0.220227093
0.220227093
0.220227093
0.220227093
0.220227093
0.186288774
-0.0780627653
-0.624158859
-0.730494499
-0.678061068
-0.678061068
-0.678061068
-0.678061068
-0.401937425
-0.749848783
-0.678061068
-0.678061068
-0.678061068
-0.678061068
0.663830638
2.29682016
3.00481844
2.41123867
2.58619213
2.54476547
2.81787062
2.67793989
2.57890272
2.7338028
2.70456123
2.69971323
2.65692711
2.60026789
2.59452486
1.77121282
0.387063146
-0.651746571
-0.678061068
-0.678061068
-0.678061068
-0.678061068
-0.401937425
-0.749848783
-0.678061068
-0.678061068
-0.678061068
-0.678061068
0.143428832
1.16316974
0.430657923
0.510230601
0.746583223
1.33987761
1.84075344
2.08452606
2.19565344
2.47751379
2.51747513
2.48845768
2.29344797
2.43785381
3.37949085
2.26277304
0.169192582
-0.561086178
-0.678061068
-0.678061068
-0.678061068
-0.678061068
-0.401937425
-0.749848783
-0.678061068
-0.678061068
-0.678061068
-0.678061068
-0.527803659
-0.269782573
-0.549463451
-0.756163299
-0.367214501
-0.213345736
0.070335269
-0.251626521
-0.123799607
0.071693182
0.115769714
0.0681576729
-0.0966974795
1.38532448
2.78891659
1.86595404
-0.44231087
-0.966103375
-0.678061068
-0.678061068
-0.678061068
-0.678061068
-0.401937425
-0.749848783
-0.678061068
-0.678061068
-0.678061068
-0.678061068
-0.678061068
-0.678061068
-0.678061068
-0.678061068
-0.678061068
-0.63993609
-0.491322666
-0.570554137
-0.784096301
-0.436316699
-0.667736113
-0.659011424
-0.0104731321
2.4266386
3.39777327
0.783611178
-0.898385525
-1.08292556
-0.678061068
-0.678061068
-0.678061068
-0.678061068
-0.401937425
-0.749848783
-0.678061068
-0.678061068
-0.678061068
-0.678061068
-0.678061068
-0.678061068
-0.678061068
-0.678061068
-0.678061068
-0.678061068
-0.678061068
-0.678061068
-0.678061068
-0.678061068
-0.678061068
-0.415438324
1.57103109
3.38857841
2.8036952
-0.227665603
-1.32667863
-0.756656349
-0.678061068
-0.678061068
-0.678061068
-0.678061068
-0.401937425
-0.749848783
-0.678061068
-0.678061068
-0.678061068
-0.678061068
-0.678061068
-0.678061068
-0.678061068
-0.678061068
-0.678061068
-0.678061068
-0.678061068
-0.678061068
-0.678061068
-0.678061068
-0.606548131
0.551829696
2.86324453
3.63434076
0.879404783
-0.757025778
-0.898757577
-0.678061068
-0.678061068
-0.678061068
-0.678061068
-0.678061068
-0.401937425
-0.749848783
-0.678061068
-0.678061068
-0.678061068
-0.678061068
-0.678061068
-0.678061068
-0.678061068
-0.678061068
-0.678061068
-0.678061068
-0.678061068
-0.678061068
-0.678061068
-0.678061068
-0.231873363
1.88769019
3.59550095
2.34878397
-0.295923859
-1.42239177
-0.870182872
-0.678061068
-0.678061068
-0.678061068
-0.678061068
-0.678061068
-0.401937425
-0.749848783
-0.678061068
-0.678061068
-0.678061068
-0.678061068
-0.678061068
-0.678061068
-0.678061068
-0.678061068
-0.678061068
-0.678061068
-0.678061068
-0.678061068
-0.678061068
-0.667152345
0.38414371
2.84874964
3.28705072
0.39664501
-1.08602989
-0.93267411
-0.678061068
-0.678061068
-0.678061068
-0.678061068
-0.678061068
-0.678061068
-0.401937425
-0.749848783
-0.678061068
-0.678061068
-0.678061068
-0.678061068
-0.678061068
-0.678061068
-0.678061068
-0.678061068
-0.678061068
-0.678061068
-0.678061068
-0.678061068
-0.678061068
-0.481866896
1.49314988
3.27421618
2.0089035
-0.54835856
-1.29638302
-0.699893117
-0.678061068
-0.678061068
-0.678061068
-0.678061068
-0.678061068
-0.678061068
-0.401937425
-0.749848783
-0.678061068
-0.678061068
-0.678061068
-0.678061068
-0.678061068
-0.678061068
-0.678061068
-0.678061068
-0.678061068
-0.678061068
-0.678061068
-0.678061068
-0.587154806
0.579937816
2.736763
3.26273251
0.529646516
-1.10010362
-0.931312501
-0.678061068
-0.678061068
-0.678061068
-0.678061068
-0.678061068
-0.678061068
-0.678061068
-0.401937425
-0.749848783
-0.678061068
-0.678061068
-0.678061068
-0.678061068
-0.678061068
-0.678061068
-0.678061068
-0.678061068
-0.678061068
-0.678061068
-0.678061068
-0.655031502
0.0344009995
2.30418205
3.46481657
2.07654858
-0.583807111
-1.28916121
-0.678061068
-0.678061068
-0.678061068
-0.678061068
-0.678061068
-0.678061068
-0.678061068
-0.678061068
-0.401937425
-0.749848783
-0.678061068
-0.678061068
-0.678061068
-0.678061068
-0.678061068
-0.678061068
-0.678061068
-0.678061068
-0.678061068
-0.678061068
-0.674424827
-0.32723549
1.80311
3.21517515
3.16939831
0.182765752
-1.09679961
-0.926946044
-0.678061068
-0.678061068
-0.678061068
-0.678061068
-0.678061068
-0.678061068
-0.678061068
-0.678061068
-0.401937425
-0.749848783
-0.678061068
-0.678061068
-0.678061068
-0.678061068
-0.678061068
-0.678061068
-0.678061068
-0.678061068
-0.678061068
-0.678061068
-0.617511332
0.827240288
3.11976624
3.77756786
1.0761404
-0.668834448
-1.29015625
-0.678061068
-0.678061068
-0.678061068
-0.678061068
-0.678061068
-0.678061068
-0.678061068
-0.678061068
-0.678061068
-0.401937425
-0.749848783
-0.678061068
-0.678061068
-0.678061068
-0.678061068
-0.678061068
-0.678061068
-0.678061068
-0.678061068
-0.678061068
-0.640486479
-0.08195474
2.38020706
3.52036333
1.75478768
-0.255923688
-1.30758548
-0.830885231
-0.678061068
-0.678061068
-0.678061068
-0.678061068
-0.678061068
-0.678061068
-0.678061068
-0.678061068
-0.678061068
-0.401937425
-0.749848783
-0.678061068
-0.678061068
-0.678061068
-0.678061068
-0.678061068
-0.678061068
-0.678061068
-0.678061068
-0.678061068
-0.367118388
1.47288978
3.29891729
3.30477142
0.125745416
-1.29056132
-1.01105332
-0.678061068
-0.678061068
-0.678061068
-0.678061068
-0.678061068
-0.678061068
-0.678061068
-0.678061068
-0.678061068
-0.678061068
-0.401937425
-0.749848783
-0.678061068
-0.678061068
-0.678061068
-0.678061068
-0.678061068
-0.678061068
-0.678061068
-0.678061068
-0.60412395
0.591515779
2.84406567
3.90224409
1.97321522
-0.568569422
-1.06287169
-0.682427466
-0.678061068
-0.678061068
-0.678061068
-0.678061068
-0.678061068
-0.678061068
-0.678061068
-0.678061068
-0.678061068
-0.678061068
-0.401937425
-0.749848783
-0.678061068
-0.678061068
-0.678061068
-0.678061068
-0.678061068
-0.678061068
-0.678061068
-0.678061068
-0.236758024
1.81727874
3.68187237
3.82175064
1.53473401
-0.731022179
-0.777966142
-0.678061068
-0.678061068
-0.678061068
-0.678061068
-0.678061068
-0.678061068
-0.678061068
-0.678061068
-0.678061068
-0.678061068
-0.678061068
-0.401937425
-0.749848783
-0.678061068
-0.678061068
-0.678061068
-0.678061068
-0.678061068
-0.678061068
-0.678061068
-0.678061068
0.189854205
2.45142078
3.8386445
2.76812315
0.492279112
-0.852953553
-0.776282251
-0.678061068
-0.678061068
-0.678061068
-0.678061068
-0.678061068
-0.678061068
-0.678061068
-0.678061068
-0.678061068
-0.678061068
-0.678061068
-0.401937425
-0.749848783
-0.678061068
-0.678061068
-0.678061068
-0.678061068
-0.678061068
-0.678061068
-0.678061068
-0.678061068
0.177750975
1.78283465
2.14748573
0.852711082
-0.47403121
-1.48521483
-0.852717221
-0.678061068
-0.678061068
-0.678061068
-0.678061068
-0.678061068
-0.678061068
-0.678061068
-0.678061068
-0.678061068
-0.678061068
-0.678061068
-0.401937425
-0.565037489
-0.526856065
-0.526856065
-0.526856065
-0.526856065
-0.526856065
-0.526856065
-0.526856065
-0.526856065
-0.255495608
0.318397611
-0.0123862773
-1.12403798
-1.38970006
-0.605451345
-0.526856065
-0.526856065
-0.526856065
-0.526856065
-0.526856065
-0.526856065
-0.526856065
-0.526856065
-0.526856065
-0.526856065
-0.526856065
-0.526856065
-0.291129291
-0.65934515
-0.187016249
-0.187016249
-0.187016249
-0.187016249
-0.187016249
-0.187016249
-0.187016249
-0.187016249
-0.187016249
-0.187016249
-0.187016249
-0.187016249
-0.187016249
-0.187016249
-0.187016249
-0.187016249
-0.187016249
-0.187016249
-0.187016249
-0.187016249
-0.187016249
-0.187016249
-0.187016249
-0.187016249
-0.187016249
-0.187016249
0.206411541
-0.740650654
-0.0777726099
-0.0777726099
-0.0777726099
-0.0777726099
-0.0777726099
-0.0777726099
-0.0777726099
-0.0777726099
-0.0777726099
-0.0777726099
-0.0777726099
-0.0777726099
-0.0777726099
-0.0777726099
-0.0777726099
-0.0777726099
-0.0777726099
-0.0777726099
-0.0777726099
-0.0777726099
-0.0777726099
-0.0777726099
-0.0777726099
-0.0777726099
-0.0777726099
-0.0777726099
0.387737483
-0.740650654
-0.0777726099
-0.0777726099
-0.0777726099
-0.0777726099
-0.0777726099
-0.0777726099
-0.0777726099
-0.0777726099
-0.0777726099
-0.0777726099
-0.0777726099
-0.0777726099
-0.0777726099
-0.0777726099
-0.0777726099
-0.0777726099
-0.0777726099
-0.0777726099
-0.0777726099
-0.0777726099
-0.0777726099
-0.0777726099
-0.0777726099
-0.0777726099
-0.0777726099
-0.0777726099
0.387737483
-0.740650654
-0.0777726099
-0.0777726099
-0.0777726099
-0.0777726099
-0.0777726099
-0.0777726099
-0.0777726099
-0.0777726099
-0.0777726099
-0.0777726099
-0.0777726099
-0.0777726099
-0.0777726099
-0.0777726099
-0.0777726099
-0.0777726099
-0.0777726099
-0.0777726099
-0.0777726099
-0.0777726099
-0.0777726099
-0.0777726099
-0.0777726099
-0.0777726099
-0.0777726099
-0.0777726099
0.387737483
-0.740650654
-0.0777726099
-0.0777726099
-0.0777726099
-0.0777726099
-0.0777726099
-0.0777726099
-0.0777726099
-0.0777726099
-0.0777726099
-0.0777726099
-0.0777726099
-0.0777726099
-0.0777726099
-0.0777726099
-0.0777726099
-0.0777726099
-0.0777726099
-0.0777726099
-0.0777726099
-0.0777726099
-0.0777726099
-0.0777726099
-0.0777726099
-0.0777726099
-0.0777726099
-0.0777726099
0.387737483
-0.740650654
-0.0777726099
-0.0777726099
-0.0777726099
-0.0777726099
-0.0777726099
-0.0777726099
-0.0777726099
-0.0777726099
-0.0777726099
-0.0777726099
-0.0777726099
-0.0777726099
-0.0777726099
-0.0777726099
-0.0777726099
-0.0777726099
-0.0777726099
-0.0777726099
-0.0777726099
-0.0777726099
-0.0777726099
-0.0777726099
-0.0777726099
-0.0777726099
-0.0777726099
-0.0777726099
0.387737483
-0.740650654
-0.0777726099
-0.0777726099
-0.0777726099
-0.0777726099
0.27084583
0.976603389
0.68377614
-0.074799262
-0.315868258
-0.675511956
-0.333169222
-0.30470401
-0.0777726099
-0.0777726099
-0.0777726099
-0.0777726099
-0.0777726099
-0.0777726099
-0.0777726099
-0.0777726099
-0.0777726099
-0.0777726099
-0.0777726099
-0.0777726099
-0.0777726099
-0.0777726099
0.387737483
-0.740650654
-0.0777726099
-0.0777726099
-0.0777726099
-0.0777726099
1.48653948
3.08932257
0.866377592
-0.172538072
-0.658743382
-0.767895341
-0.532960296
-0.38294369
0.171371073
0.171371073
0.171371073
0.171371073
0.171371073
0.171371073
0.0551649779
-0.530089378
-0.971982956
-0.405562401
-0.0777726099
-0.0777726099
-0.0777726099
-0.0777726099
0.387737483
-0.740650654
-0.0777726099
-0.0777726099
-0.0777726099
-0.0777726099
2.08122587
2.83156371
0.116916895
-1.00206828
-0.441038638
-0.403860718
-0.266330391
-0.437485248
-0.0421089828
0.239636987
0.0568312109
0.0402303636
-0.0605711564
-0.00324752927
0.000101417303
-1.51365352
-2.57632494
-1.36943376
-0.0777726099
-0.0777726099
-0.0777726099
-0.0777726099
0.387737483
-0.740650654
-0.0777726099
-0.0777726099
-0.0777726099
-0.0777726099
0.915204406
1.35733473
-0.785567164
-0.986590028
-0.311318576
-0.144772246
-0.204994768
-1.04336441
-1.03342319
-0.317523956
-0.879797339
-0.94361639
-1.28647768
-0.23543711
0.898993373
-2.34136939
-4.37420702
-2.14481711
-0.0777726099
-0.0777726099
-0.0777726099
-0.0777726099
0.387737483
-0.740650654
-0.0777726099
-0.0777726099
-0.0777726099
-0.0777726099
0.06713368
0.187325954
-0.273563474
-0.46306321
-0.105337046
-0.0633620843
0.0954111516
-0.892831564
-0.934907317
-0.390112609
-0.972932696
-1.04281843
-1.02997637
1.76586401
2.04890895
-3.19249535
-4.82218122
-1.82569766
-0.0777726099
-0.0777726099
-0.0777726099
-0.0777726099
0.387737483
-0.740650654
-0.0777726099
-0.0777726099
-0.0777726099
-0.0777726099
-0.0777726099
-0.0777726099
-0.0777726099
-0.0777726099
-0.0777726099
-0.0410053283
0.0696754605
-0.126422957
-0.306334168
0.00563301146
-0.297384202
-0.223381624
1.27828228
3.69244266
0.926950932
-4.45522976
-3.68127275
-0.825435877
-0.0777726099
-0.0777726099
-0.0777726099
-0.0777726099
0.387737483
-0.740650654
-0.0777726099
-0.0777726099
-0.0777726099
-0.0777726099
-0.0777726099
-0.0777726099
-0.0777726099
-0.0777726099
-0.0777726099
-0.0777726099
-0.0777726099
-0.0777726099
-0.0777726099
-0.0777726099
-0.0777726099
0.626000881
3.36361599
3.14443398
-2.01850367
-4.84383821
-2.19813514
-0.18068409
-0.0777726099
-0.0777726099
-0.0777726099
-0.0777726099
0.387737483
-0.740650654
-0.0777726099
-0.0777726099
-0.0777726099
-0.0777726099
-0.0777726099
-0.0777726099
-0.0777726099
-0.0777726099
-0.0777726099
-0.0777726099
-0.0777726099
-0.0777726099
-0.0777726099
-0.0777726099
0.167090327
2.1919136
3.81526923
0.590456009
-4.38263607
-3.80788946
-0.89851284
-0.0777726099
-0.0777726099
-0.0777726099
-0.0777726099
-0.0777726099
0.387737483
-0.740650654
-0.0777726099
-0.0777726099
-0.0777726099
-0.0777726099
-0.0777726099
-0.0777726099
-0.0777726099
-0.0777726099
-0.0777726099
-0.0777726099
-0.0777726099
-0.0777726099
-0.0777726099
-0.0777726099
0.925811887
3.57256436
2.61214399
-2.84027195
-4.57387209
-1.94566572
-0.32933408
-0.0777726099
-0.0777726099
-0.0777726099
-0.0777726099
-0.0777726099
0.387737483
-0.740650654
-0.0777726099
-0.0777726099
-0.0777726099
-0.0777726099
-0.0777726099
-0.0777726099
-0.0777726099
-0.0777726099
-0.0777726099
-0.0777726099
-0.0777726099
-0.0777726099
-0.0777726099
-0.0404206365
1.94935739
3.99739647
0.199626416
-4.75740957
-3.35339046
-0.471586913
-0.0777726099
-0.0777726099
-0.0777726099
-0.0777726099
-0.0777726099
-0.0777726099
0.387737483
-0.740650654
-0.0777726099
-0.0777726099
-0.0777726099
-0.0777726099
-0.0777726099
-0.0777726099
-0.0777726099
-0.0777726099
-0.0777726099
-0.0777726099
-0.0777726099
-0.0777726099
-0.0777726099
0.514043927
3.25656414
3.01581168
-2.69134378
-4.60778332
-1.60188472
-0.106359087
-0.0777726099
-0.0777726099
-0.0777726099
-0.0777726099
-0.0777726099
-0.0777726099
0.387737483
-0.740650654
-0.0777726099
-0.0777726099
-0.0777726099
-0.0777726099
-0.0777726099
-0.0777726099
-0.0777726099
-0.0777726099
-0.0777726099
-0.0777726099
-0.0777726099
-0.0777726099
0.233493835
2.20372272
3.60113716
0.155732781
-4.50381184
-3.27094674
-0.409376353
-0.0777726099
-0.0777726099
-0.0777726099
-0.0777726099
-0.0777726099
-0.0777726099
-0.0777726099
0.387737483
-0.740650654
-0.0777726099
-0.0777726099
-0.0777726099
-0.0777726099
-0.0777726099
-0.0777726099
-0.0777726099
-0.0777726099
-0.0777726099
-0.0777726099
-0.0777726099
0.00108155608
1.47832322
3.75032115
1.73494422
-3.08055544
-4.45545626
-1.56681359
-0.0777726099
-0.0777726099
-0.0777726099
-0.0777726099
-0.0777726099
-0.0777726099
-0.0777726099
-0.0777726099
0.387737483
-0.740650654
-0.0777726099
-0.0777726099
-0.0777726099
-0.0777726099
-0.0777726099
-0.0777726099
-0.0777726099
-0.0777726099
-0.0777726099
-0.0777726099
-0.0653219521
0.920389295
3.49018049
2.6171658
-1.27799857
-4.70233965
-2.96091223
-0.403659046
-0.0777726099
-0.0777726099
-0.0777726099
-0.0777726099
-0.0777726099
-0.0777726099
-0.0777726099
-0.0777726099
0.387737483
-0.740650654
-0.0777726099
-0.0777726099
-0.0777726099
-0.0777726099
-0.0777726099
-0.0777726099
-0.0777726099
-0.0777726099
-0.0777726099
-0.0777726099
0.102898717
2.69878888
3.86100483
-0.0948248208
-4.13881969
-3.7177763
-1.30223489
-0.0777726099
-0.0777726099
-0.0777726099
-0.0777726099
-0.0777726099
-0.0777726099
-0.0777726099
-0.0777726099
-0.0777726099
0.387737483
-0.740650654
-0.0777726099
-0.0777726099
-0.0777726099
-0.0777726099
-0.0777726099
-0.0777726099
-0.0777726099
-0.0777726099
-0.0777726099
0.0508841872
1.25499284
3.90189505
1.90465462
-3.49121737
-4.16918612
-1.93233705
-0.277878284
-0.0777726099
-0.0777726099
-0.0777726099
-0.0777726099
-0.0777726099
-0.0777726099
-0.0777726099
-0.0777726099
-0.0777726099
0.387737483
-0.740650654
-0.0777726099
-0.0777726099
-0.0777726099
-0.0777726099
-0.0777726099
-0.0777726099
-0.0777726099
-0.0777726099
-0.0777726099
0.71149075
3.20456529
3.10334754
-1.25936031
-4.7905941
-2.74202061
-0.525873423
-0.0777726099
-0.0777726099
-0.0777726099
-0.0777726099
-0.0777726099
-0.0777726099
-0.0777726099
-0.0777726099
-0.0777726099
-0.0777726099
0.387737483
-0.740650654
-0.0777726099
-0.0777726099
-0.0777726099
-0.0777726099
-0.0777726099
-0.0777726099
-0.0777726099
-0.0777726099
0.17539075
2.21976781
3.75892401
1.46631062
-3.34167647
-4.95569992
-1.47192585
-0.0834899172
-0.0777726099
-0.0777726099
-0.0777726099
-0.0777726099
-0.0777726099
-0.0777726099
-0.0777726099
-0.0777726099
-0.0777726099
-0.0777726099
0.387737483
-0.740650654
-0.0777726099
-0.0777726099
-0.0777726099
-0.0777726099
-0.0777726099
-0.0777726099
-0.0777726099
-0.0777726099
0.891317844
3.48525357
2.95626593
-0.18709515
-3.81866384
-4.79560995
-1.03636849
-0.0777726099
-0.0777726099
-0.0777726099
-0.0777726099
-0.0777726099
-0.0777726099
-0.0777726099
-0.0777726099
-0.0777726099
-0.0777726099
-0.0777726099
0.387737483
-0.740650654
-0.0777726099
-0.0777726099
-0.0777726099
-0.0777726099
-0.0777726099
-0.0777726099
-0.0777726099
-0.0777726099
1.48250699
3.78650403
1.96187341
-2.16714787
-4.4407959
-3.38101149
-0.689803243
-0.0777726099
-0.0777726099
-0.0777726099
-0.0777726099
-0.0777726099
-0.0777726099
-0.0777726099
-0.0777726099
-0.0777726099
-0.0777726099
-0.0777726099
0.387737483
-0.740650654
-0.0777726099
-0.0777726099
-0.0777726099
-0.0777726099
-0.0777726099
-0.0777726099
-0.0777726099
-0.0777726099
1.11009717
2.36208653
0.299468994
-2.99591804
-3.02455044
-1.46042168
-0.306464851
-0.0777726099
-0.0777726099
-0.0777726099
-0.0777726099
-0.0777726099
-0.0777726099
-0.0777726099
-0.0777726099
-0.0777726099
-0.0777726099
-0.0777726099
0.387737483
-0.488622159
-0.0358352959
-0.0358352959
-0.0358352959
-0.0358352959
-0.0358352959
-0.0358352959
-0.0358352959
-0.0358352959
0.225861043
0.546996474
-0.209641665
-1.39181578
-1.2143364
-0.138746798
-0.0358352959
-0.0358352959
-0.0358352959
-0.0358352959
-0.0358352959
-0.0358352959
-0.0358352959
-0.0358352959
-0.0358352959
-0.0358352959
-0.0358352959
-0.0358352959
0.29135415
-0.501264274
-0.794783831
-0.794783831
-0.794783831
-0.794783831
-0.794783831
-0.794783831
-0.794783831
-0.794783831
-0.794783831
-0.794783831
-0.794783831
-0.794783831
-0.794783831
-0.794783831
-0.794783831
-0.794783831
-0.794783831
-0.794783831
-0.794783831
-0.794783831
-0.794783831
-0.794783831
-0.794783831
-0.794783831
-0.794783831
-0.794783831
-0.442786962
0.0962923914
-0.0226645079
-0.0226645079
-0.0226645079
-0.0226645079
-0.0226645079
-0.0226645079
-0.0226645079
-0.0226645079
-0.0226645079
-0.0226645079
-0.0226645079
-0.0226645079
-0.0226645079
-0.0226645079
-0.0226645079
-0.0226645079
-0.0226645079
-0.0226645079
-0.0226645079
-0.0226645079
-0.0226645079
-0.0226645079
-0.0226645079
-0.0226645079
-0.0226645079
-0.0226645079
-0.00741321221
0.0962923914
-0.0226645079
-0.0226645079
-0.0226645079
-0.0226645079
-0.0226645079
-0.0226645079
-0.0226645079
-0.0226645079
-0.0226645079
-0.0226645079
-0.0226645079
-0.0226645079
-0.0226645079
-0.0226645079
-0.0226645079
-0.0226645079
-0.0226645079
-0.0226645079
-0.0226645079
-0.0226645079
-0.0226645079
-0.0226645079
-0.0226645079
-0.0226645079
-0.0226645079
-0.0226645079
-0.00741321221
0.0962923914
-0.0226645079
-0.0226645079
-0.0226645079
-0.0226645079
-0.0226645079
-0.0226645079
-0.0226645079
-0.0226645079
-0.0226645079
-0.0226645079
-0.0226645079
-0.0226645079
-0.0226645079
-0.0226645079
-0.0226645079
-0.0226645079
-0.0226645079
-0.0226645079
-0.0226645079
-0.0226645079
-0.0226645079
-0.0226645079
-0.0226645079
-0.0226645079
-0.0226645079
-0.0226645079
-0.00741321221
0.0962923914
-0.0226645079
-0.0226645079
-0.0226645079
-0.0226645079
-0.0226645079
-0.0226645079
-0.0226645079
-0.0226645079
-0.0226645079
-0.0226645079
-0.0226645079
-0.0226645079
-0.0226645079
-0.0226645079
-0.0226645079
-0.0226645079
-0.0226645079
-0.0226645079
-0.0226645079
-0.0226645079
-0.0226645079
-0.0226645079
-0.0226645079
-0.0226645079
-0.0226645079
-0.0226645079
-0.00741321221
0.0962923914
-0.0226645079
-0.0226645079
-0.0226645079
-0.0226645079
-0.0226645079
-0.0226645079
-0.0226645079
-0.0226645079
-0.0226645079
-0.0226645079
-0.0226645079
-0.0226645079
-0.0226645079
-0.0226645079
-0.0226645079
-0.0226645079
-0.0226645079
-0.0226645079
-0.0226645079
-0.0226645079
-0.0226645079
-0.0226645079
-0.0226645079
-0.0226645079
-0.0226645079
-0.0226645079
-0.00741321221
0.0962923914
-0.0226645079
-0.0226645079
-0.0226645079
-0.0226645079
0.478796542
1.41845345
1.89324617
2.01198864
1.36698115
0.837494433
0.28246358
0.0738298893
-0.0226645079
-0.0226645079
-0.0226645079
-0.0226645079
-0.0226645079
-0.0226645079
-0.0226645079
-0.0226645079
-0.0226645079
-0.0226645079
-0.0226645079
-0.0226645079
-0.0226645079
-0.0226645079
-0.00741321221
0.0962923914
-0.0226645079
-0.0226645079
-0.0226645079
-0.0226645079
1.68832505
3.18664622
4.24948072
4.93163776
4.35892248
4.17231083
3.15393376
2.81955218
2.48374248
2.48374248
2.48374248
2.48374248
2.48374248
2.48374248
2.31658888
1.49991894
0.641442537
0.116716251
-0.0226645079
-0.0226645079
-0.0226645079
-0.0226645079
-0.00741321221
0.0962923914
-0.0226645079
-0.0226645079
-0.0226645079
-0.0226645079
0.547937453
-0.556293607
-0.0642546862
0.0954377502
1.56196606
3.18984151
4.57681084
5.0349617
5.08932781
5.127841
5.20557261
5.18169355
5.04029417
5.09463978
5.00999641
3.87008405
2.23214865
0.671167433
-0.0226645079
-0.0226645079
-0.0226645079
-0.0226645079
-0.00741321221
0.0962923914
-0.0226645079
-0.0226645079
-0.0226645079
-0.0226645079
-1.95807397
-3.83980823
-5.06128597
-4.72492504
-4.78041744
-4.02343893
-2.73771858
-2.15754247
-1.37845314
-1.49905336
-1.17932487
-1.24544966
-1.5985868
-0.386977851
0.620897889
1.4268868
1.26460981
0.846805513
-0.0226645079
-0.0226645079
-0.0226645079
-0.0226645079
-0.00741321221
0.0962923914
-0.0226645079
-0.0226645079
-0.0226645079
-0.0226645079
-0.69962126
-1.69880784
-1.99316561
-2.33502579
-2.93880248
-4.11081839
-4.92548418
-5.34062052
-4.97586393
-5.39872932
-5.22591782
-5.22223616
-4.6533308
-2.41391826
-2.12710166
-1.3394444
-0.318595886
-0.058281593
-0.0226645079
-0.0226645079
-0.0226645079
-0.0226645079
-0.00741321221
0.0962923914
-0.0226645079
-0.0226645079
-0.0226645079
-0.0226645079
-0.0226645079
-0.0226645079
-0.0226645079
-0.0226645079
-0.0226645079
-0.194429606
-0.822550476
-0.769638896
-1.15486193
-1.29725456
-1.57484937
-1.36268365
0.812781811
0.750602424
-1.07509303
-1.78388464
-0.689551294
-0.467577696
-0.0226645079
-0.0226645079
-0.0226645079
-0.0226645079
-0.00741321221
0.0962923914
-0.0226645079
-0.0226645079
-0.0226645079
-0.0226645079
-0.0226645079
-0.0226645079
-0.0226645079
-0.0226645079
-0.0226645079
-0.0226645079
-0.0226645079
-0.0226645079
-0.0226645079
-0.0226645079
-0.0226645079
0.848452985
2.22984934
0.733379602
-0.983546853
-0.834416926
-0.631755233
-0.116941959
-0.0226645079
-0.0226645079
-0.0226645079
-0.0226645079
-0.00741321221
0.0962923914
-0.0226645079
-0.0226645079
-0.0226645079
-0.0226645079
-0.0226645079
-0.0226645079
-0.0226645079
-0.0226645079
-0.0226645079
-0.0226645079
-0.0226645079
-0.0226645079
-0.0226645079
-0.0226645079
0.329552144
2.07034779
1.21866155
-0.739021599
-1.52095711
-0.407768816
-0.187824011
-0.0226645079
-0.0226645079
-0.0226645079
-0.0226645079
-0.0226645079
-0.00741321221
0.0962923914
-0.0226645079
-0.0226645079
-0.0226645079
-0.0226645079
-0.0226645079
-0.0226645079
-0.0226645079
-0.0226645079
-0.0226645079
-0.0226645079
-0.0226645079
-0.0226645079
-0.0226645079
-0.0226645079
1.04222369
1.83415937
0.282826841
-1.96041691
-1.61686337
-1.22030008
-0.253120482
-0.0226645079
-0.0226645079
-0.0226645079
-0.0226645079
-0.0226645079
-0.00741321221
0.0962923914
-0.0226645079
-0.0226645079
-0.0226645079
-0.0226645079
-0.0226645079
-0.0226645079
-0.0226645079
-0.0226645079
-0.0226645079
-0.0226645079
-0.0226645079
-0.0226645079
-0.0226645079
0.0310634561
1.25178027
0.419040471
-1.42345393
-1.56780648
-0.539850354
-0.316765696
-0.0226645079
-0.0226645079
-0.0226645079
-0.0226645079
-0.0226645079
-0.0226645079
-0.00741321221
0.0962923914
-0.0226645079
-0.0226645079
-0.0226645079
-0.0226645079
-0.0226645079
-0.0226645079
-0.0226645079
-0.0226645079
-0.0226645079
-0.0226645079
-0.0226645079
-0.0226645079
-0.0226645079
0.77085197
1.59123802
-0.106683627
-1.8005836
-0.891710758
-0.685895205
-0.0488527045
-0.0226645079
-0.0226645079
-0.0226645079
-0.0226645079
-0.0226645079
-0.0226645079
-0.00741321221
0.0962923914
-0.0226645079
-0.0226645079
-0.0226645079
-0.0226645079
-0.0226645079
-0.0226645079
-0.0226645079
-0.0226645079
-0.0226645079
-0.0226645079
-0.0226645079
-0.0226645079
0.425068557
2.26399755
1.5722816
-0.737211108
-1.29563367
-0.507676601
-0.326447457
-0.0226645079
-0.0226645079
-0.0226645079
-0.0226645079
-0.0226645079
-0.0226645079
-0.0226645079
-0.00741321221
0.0962923914
-0.0226645079
-0.0226645079
-0.0226645079
-0.0226645079
-0.0226645079
-0.0226645079
-0.0226645079
-0.0226645079
-0.0226645079
-0.0226645079
-0.0226645079
0.0907611996
1.71719086
2.26849771
0.449450135
-1.49589646
-0.893410563
-0.626706123
-0.0226645079
-0.0226645079
-0.0226645079
-0.0226645079
-0.0226645079
-0.0226645079
-0.0226645079
-0.0226645079
-0.00741321221
0.0962923914
-0.0226645079
-0.0226645079
-0.0226645079
-0.0226645079
-0.0226645079
-0.0226645079
-0.0226645079
-0.0226645079
-0.0226645079
-0.0226645079
-0.00475518592
1.28846669
2.56190157
0.884764135
-1.06095982
-1.59950411
-0.614942312
-0.321209788
-0.0226645079
-0.0226645079
-0.0226645079
-0.0226645079
-0.0226645079
-0.0226645079
-0.0226645079
-0.0226645079
-0.00741321221
0.0962923914
-0.0226645079
-0.0226645079
-0.0226645079
-0.0226645079
-0.0226645079
-0.0226645079
-0.0226645079
-0.0226645079
-0.0226645079
-0.0226645079
0.217961907
2.38445878
1.30468953
-0.150233954
-2.25961375
-1.12327635
-0.677686155
-0.0226645079
-0.0226645079
-0.0226645079
-0.0226645079
-0.0226645079
-0.0226645079
-0.0226645079
-0.0226645079
-0.0226645079
-0.00741321221
0.0962923914
-0.0226645079
-0.0226645079
-0.0226645079
-0.0226645079
-0.0226645079
-0.0226645079
-0.0226645079
-0.0226645079
-0.0226645079
0.162398487
1.58299851
1.54540503
-0.62929225
-2.36900902
-1.59454322
-0.969180524
-0.205981746
-0.0226645079
-0.0226645079
-0.0226645079
-0.0226645079
-0.0226645079
-0.0226645079
-0.0226645079
-0.0226645079
-0.0226645079
-0.00741321221
0.0962923914
-0.0226645079
-0.0226645079
-0.0226645079
-0.0226645079
-0.0226645079
-0.0226645079
-0.0226645079
-0.0226645079
-0.0226645079
0.913657069
2.65426493
1.23717177
-1.00611115
-1.73216307
-1.11221325
-0.419836104
-0.0226645079
-0.0226645079
-0.0226645079
-0.0226645079
-0.0226645079
-0.0226645079
-0.0226645079
-0.0226645079
-0.0226645079
-0.0226645079
-0.00741321221
0.0962923914
-0.0226645079
-0.0226645079
-0.0226645079
-0.0226645079
-0.0226645079
-0.0226645079
-0.0226645079
-0.0226645079
0.341491699
1.96400857
1.21426177
0.519779027
-0.681359589
0.153635487
-0.174861386
-0.0279021468
-0.0226645079
-0.0226645079
-0.0226645079
-0.0226645079
-0.0226645079
-0.0226645079
-0.0226645079
-0.0226645079
-0.0226645079
-0.0226645079
-0.00741321221
0.0962923914
-0.0226645079
-0.0226645079
-0.0226645079
-0.0226645079
-0.0226645079
-0.0226645079
-0.0226645079
-0.0226645079
0.979769528
1.71239746
0.635450304
0.241783053
-0.413880557
0.514828265
0.1307704
-0.0226645079
-0.0226645079
-0.0226645079
-0.0226645079
-0.0226645079
-0.0226645079
-0.0226645079
-0.0226645079
-0.0226645079
-0.0226645079
-0.0226645079
-0.00741321221
0.0962923914
-0.0226645079
-0.0226645079
-0.0226645079
-0.0226645079
-0.0226645079
-0.0226645079
-0.0226645079
-0.0226645079
0.638935447
0.155722469
-0.456633776
-1.80463195
-1.62013781
-0.39207527
-0.049963139
-0.0226645079
-0.0226645079
-0.0226645079
-0.0226645079
-0.0226645079
-0.0226645079
-0.0226645079
-0.0226645079
-0.0226645079
-0.0226645079
-0.0226645079
-0.00741321221
0.0962923914
-0.0226645079
-0.0226645079
-0.0226645079
-0.0226645079
-0.0226645079
-0.0226645079
-0.0226645079
-0.0226645079
-0.689637065
-2.43639636
-3.65882301
-4.02886868
-2.21270847
-1.37244964
-0.232169941
-0.0226645079
-0.0226645079
-0.0226645079
-0.0226645079
-0.0226645079
-0.0226645079
-0.0226645079
-0.0226645079
-0.0226645079
-0.0226645079
-0.0226645079
-0.00741321221
0.428851575
0.399228364
0.399228364
0.399228364
0.399228364
0.399228364
0.399228364
0.399228364
0.399228364
-0.82333529
-3.11402678
-4.3136878
-2.73287249
-0.825821102
0.304950893
0.399228364
0.399228364
0.399228364
0.399228364
0.399228364
0.399228364
0.399228364
0.399228364
0.399228364
0.399228364
0.399228364
0.399228364
0.215516016
-0.31531921
-0.328362256
-0.328362256
-0.328362256
-0.328362256
-0.328362256
-0.328362256
-0.328362256
-0.328362256
-0.328362256
-0.328362256
-0.328362256
-0.328362256
-0.328362256
-0.328362256
-0.328362256
-0.328362256
-0.328362256
-0.328362256
-0.328362256
-0.328362256
-0.328362256
-0.328362256
-0.328362256
-0.328362256
-0.328362256
-0.328362256
-0.258431166
-0.515758276
-0.605470479
-0.605470479
-0.605470479
-0.605470479
-0.605470479
-0.605470479
-0.605470479
-0.605470479
-0.605470479
-0.605470479
-0.605470479
-0.605470479
-0.605470479
-0.605470479
-0.605470479
-0.605470479
-0.605470479
-0.605470479
-0.605470479
-0.605470479
-0.605470479
-0.605470479
-0.605470479
-0.605470479
-0.605470479
-0.605470479
-0.469382077
-0.515758276
-0.605470479
-0.605470479
-0.605470479
-0.605470479
-0.605470479
-0.605470479
-0.605470479
-0.605470479
-0.605470479
-0.605470479
-0.605470479
-0.605470479
-0.605470479
-0.605470479
-0.605470479
-0.605470479
-0.605470479
-0.605470479
-0.605470479
-0.605470479
-0.605470479
-0.605470479
-0.605470479
-0.605470479
-0.605470479
-0.605470479
-0.469382077
-0.515758276
-0.605470479
-0.605470479
-0.605470479
-0.605470479
-0.605470479
-0.605470479
-0.605470479
-0.605470479
-0.605470479
-0.605470479
-0.605470479
-0.605470479
-0.605470479
-0.605470479
-0.605470479
-0.605470479
-0.605470479
-0.605470479
-0.605470479
-0.605470479
-0.605470479
-0.605470479
-0.605470479
-0.605470479
-0.605470479
-0.605470479
-0.469382077
-0.515758276
-0.605470479
-0.605470479
-0.605470479
-0.605470479
-0.605470479
-0.605470479
-0.605470479
-0.605470479
-0.605470479
-0.605470479
-0.605470479
-0.605470479
-0.605470479
-0.605470479
-0.605470479
-0.605470479
-0.605470479
-0.605470479
-0.605470479
-0.605470479
-0.605470479
-0.605470479
-0.605470479
-0.605470479
-0.605470479
-0.605470479
-0.469382077
-0.515758276
-0.605470479
-0.605470479
-0.605470479
-0.605470479
-0.605470479
-0.605470479
-0.605470479
-0.605470479
-0.605470479
-0.605470479
-0.605470479
-0.605470479
-0.605470479
-0.605470479
-0.605470479
-0.605470479
-0.605470479
-0.605470479
-0.605470479
-0.605470479
-0.605470479
-0.605470479
-0.605470479
-0.605470479
-0.605470479
-0.605470479
-0.469382077
-0.515758276
-0.605470479
-0.605470479
-0.605470479
-0.605470479
-0.318225563
0.48443532
1.30407774
1.56650305
1.10073674
0.489112735
-0.153261274
-0.451732039
-0.605470479
-0.605470479
-0.605470479
-0.605470479
-0.605470479
-0.605470479
-0.605470479
-0.605470479
-0.605470479
-0.605470479
-0.605470479
-0.605470479
-0.605470479
-0.605470479
-0.469382077
-0.515758276
-0.605470479
-0.605470479
-0.605470479
-0.605470479
0.0426838323
1.29124796
2.19903421
1.93463778
2.14963746
2.09853053
2.26298833
2.03903198
1.99504972
1.99504972
1.99504972
1.99504972
1.99504972
1.99504972
1.89930153
1.34336317
0.403596699
-0.383403808
-0.605470479
-0.605470479
-0.605470479
-0.605470479
-0.469382077
-0.515758276
-0.605470479
-0.605470479
-0.605470479
-0.605470479
-0.50295645
0.688444078
0.798592627
0.901860535
0.846021414
1.09547639
1.41487598
1.55338621
1.69397604
1.72800267
1.85184753
1.83816922
1.74458253
1.69866931
1.78208232
1.6335783
0.62157625
-0.209315181
-0.605470479
-0.605470479
-0.605470479
-0.605470479
-0.469382077
-0.515758276
-0.605470479
-0.605470479
-0.605470479
-0.605470479
-0.25332889
0.693629503
1.16468453
0.968450546
1.09865952
0.920864463
0.866288483
0.635306478
0.478629708
0.679698467
0.793539882
0.771468639
0.622671545
1.08331954
2.19796681
2.41462851
0.778324962
-0.576258063
-0.605470479
-0.605470479
-0.605470479
-0.605470479
-0.469382077
-0.515758276
-0.605470479
-0.605470479
-0.605470479
-0.605470479
-0.472474962
-0.109234154
0.150887579
0.173157543
0.343025357
0.741642833
1.11403501
1.35261214
1.05567992
1.34794533
1.2090615
1.21169233
1.48182654
2.18877316
3.65822148
2.69802451
0.628954053
-0.617735624
-0.605470479
-0.605470479
-0.605470479
-0.605470479
-0.469382077
-0.515758276
-0.605470479
-0.605470479
-0.605470479
-0.605470479
-0.605470479
-0.605470479
-0.605470479
-0.605470479
-0.605470479
-0.571725368
-0.405966371
-0.272657007
-0.264241517
-0.170323789
-0.0484021604
0.0109485798
0.634910822
2.04668283
3.15972805
1.86620545
-0.03665483
-0.431452245
-0.605470479
-0.605470479
-0.605470479
-0.605470479
-0.469382077
-0.515758276
-0.605470479
-0.605470479
-0.605470479
-0.605470479
-0.605470479
-0.605470479
-0.605470479
-0.605470479
-0.605470479
-0.605470479
-0.605470479
-0.605470479
-0.605470479
-0.605470479
-0.605470479
-0.193413913
0.839019358
2.73404503
2.73143339
1.18435287
-0.186230689
-0.564063132
-0.605470479
-0.605470479
-0.605470479
-0.605470479
-0.469382077
-0.515758276
-0.605470479
-0.605470479
-0.605470479
-0.605470479
-0.605470479
-0.605470479
-0.605470479
-0.605470479
-0.605470479
-0.605470479
-0.605470479
-0.605470479
-0.605470479
-0.605470479
-0.403715134
0.440409034
2.18448257
2.92700148
1.68296874
-0.309370935
-0.58521992
-0.605470479
-0.605470479
-0.605470479
-0.605470479
-0.605470479
-0.469382077
-0.515758276
-0.605470479
-0.605470479
-0.605470479
-0.605470479
-0.605470479
-0.605470479
-0.605470479
-0.605470479
-0.605470479
-0.605470479
-0.605470479
-0.605470479
-0.605470479
-0.605470479
-0.228625357
0.959180415
2.63404322
2.4527657
0.912863731
-0.0998514891
-0.504252553
-0.605470479
-0.605470479
-0.605470479
-0.605470479
-0.605470479
-0.469382077
-0.515758276
-0.605470479
-0.605470479
-0.605470479
-0.605470479
-0.605470479
-0.605470479
-0.605470479
-0.605470479
-0.605470479
-0.605470479
-0.605470479
-0.605470479
-0.605470479
-0.574694276
0.0859150887
1.89479518
2.89222431
1.63930154
-0.245267689
-0.482241035
-0.605470479
-0.605470479
-0.605470479
-0.605470479
-0.605470479
-0.605470479
-0.469382077
-0.515758276
-0.605470479
-0.605470479
-0.605470479
-0.605470479
-0.605470479
-0.605470479
-0.605470479
-0.605470479
-0.605470479
-0.605470479
-0.605470479
-0.605470479
-0.605470479
-0.186495215
0.949021816
2.77149892
2.48780751
0.601620138
-0.380140632
-0.593968451
-0.605470479
-0.605470479
-0.605470479
-0.605470479
-0.605470479
-0.605470479
-0.469382077
-0.515758276
-0.605470479
-0.605470479
-0.605470479
-0.605470479
-0.605470479
-0.605470479
-0.605470479
-0.605470479
-0.605470479
-0.605470479
-0.605470479
-0.605470479
-0.349001795
0.51250875
2.1055789
2.77125049
1.46915507
-0.263874054
-0.472046852
-0.605470479
-0.605470479
-0.605470479
-0.605470479
-0.605470479
-0.605470479
-0.605470479
-0.469382077
-0.515758276
-0.605470479
-0.605470479
-0.605470479
-0.605470479
-0.605470479
-0.605470479
-0.605470479
-0.605470479
-0.605470479
-0.605470479
-0.605470479
-0.540498435
0.154589444
1.5229826
2.88390732
2.19145703
0.533492386
-0.407908708
-0.605470479
-0.605470479
-0.605470479
-0.605470479
-0.605470479
-0.605470479
-0.605470479
-0.605470479
-0.469382077
-0.515758276
-0.605470479
-0.605470479
-0.605470479
-0.605470479
-0.605470479
-0.605470479
-0.605470479
-0.605470479
-0.605470479
-0.605470479
-0.595211744
0.0799307525
1.25236368
2.95269585
2.56841373
1.31910944
-0.318190992
-0.474347264
-0.605470479
-0.605470479
-0.605470479
-0.605470479
-0.605470479
-0.605470479
-0.605470479
-0.605470479
-0.469382077
-0.515758276
-0.605470479
-0.605470479
-0.605470479
-0.605470479
-0.605470479
-0.605470479
-0.605470479
-0.605470479
-0.605470479
-0.605470479
-0.479490399
0.241739482
2.13090992
2.68046045
1.89515066
0.153637081
-0.359373569
-0.605470479
-0.605470479
-0.605470479
-0.605470479
-0.605470479
-0.605470479
-0.605470479
-0.605470479
-0.605470479
-0.469382077
-0.515758276
-0.605470479
-0.605470479
-0.605470479
-0.605470479
-0.605470479
-0.605470479
-0.605470479
-0.605470479
-0.605470479
-0.499463439
0.2850191
1.72331214
3.16677523
2.14042926
0.500633657
-0.255090117
-0.524956226
-0.605470479
-0.605470479
-0.605470479
-0.605470479
-0.605470479
-0.605470479
-0.605470479
-0.605470479
-0.605470479
-0.469382077
-0.515758276
-0.605470479
-0.605470479
-0.605470479
-0.605470479
-0.605470479
-0.605470479
-0.605470479
-0.605470479
-0.605470479
-0.191627651
0.790225029
2.5860641
2.82759452
1.62391591
0.0657942817
-0.432218283
-0.605470479
-0.605470479
-0.605470479
-0.605470479
-0.605470479
-0.605470479
-0.605470479
-0.605470479
-0.605470479
-0.605470479
-0.469382077
-0.515758276
-0.605470479
-0.605470479
-0.605470479
-0.605470479
-0.605470479
-0.605470479
-0.605470479
-0.605470479
-0.396875978
0.43993935
2.17636347
3.4994669
2.94642401
0.866295695
-0.316544473
-0.603170097
-0.605470479
-0.605470479
-0.605470479
-0.605470479
-0.605470479
-0.605470479
-0.605470479
-0.605470479
-0.605470479
-0.605470479
-0.469382077
-0.515758276
-0.605470479
-0.605470479
-0.605470479
-0.605470479
-0.605470479
-0.605470479
-0.605470479
-0.605470479
-0.272303104
0.912568808
2.81492853
3.36371136
2.65881133
0.395687342
-0.516745389
-0.605470479
-0.605470479
-0.605470479
-0.605470479
-0.605470479
-0.605470479
-0.605470479
-0.605470479
-0.605470479
-0.605470479
-0.605470479
-0.469382077
-0.515758276
-0.605470479
-0.605470479
-0.605470479
-0.605470479
-0.605470479
-0.605470479
-0.605470479
-0.605470479
-0.230498314
1.4046067
3.01009917
2.67095613
1.21626544
-0.553820252
-0.641015887
-0.605470479
-0.605470479
-0.605470479
-0.605470479
-0.605470479
-0.605470479
-0.605470479
-0.605470479
-0.605470479
-0.605470479
-0.605470479
-0.469382077
-0.515758276
-0.605470479
-0.605470479
-0.605470479
-0.605470479
-0.605470479
-0.605470479
-0.605470479
-0.605470479
-0.525167286
0.142889708
0.651252985
0.585694432
0.151332229
-0.0103446618
-0.513454199
-0.605470479
-0.605470479
-0.605470479
-0.605470479
-0.605470479
-0.605470479
-0.605470479
-0.605470479
-0.605470479
-0.605470479
-0.605470479
-0.469382077
-0.220353544
-0.167735934
-0.167735934
-0.167735934
-0.167735934
-0.167735934
-0.167735934
-0.167735934
-0.167735934
0.0724500343
0.823969483
1.54488528
1.28630829
0.380971164
-0.126328588
-0.167735934
-0.167735934
-0.167735934
-0.167735934
-0.167735934
-0.167735934
-0.167735934
-0.167735934
-0.167735934
-0.167735934
-0.167735934
-0.167735934
-0.145617038
0.766294479
1.05244422
1.05244422
1.05244422
1.05244422
1.05244422
1.05244422
1.05244422
1.05244422
1.05244422
1.05244422
1.05244422
1.05244422
1.05244422
1.05244422
1.05244422
1.05244422
1.05244422
1.05244422
1.05244422
1.05244422
1.05244422
1.05244422
1.05244422
1.05244422
1.05244422
1.05244422
0.850342512
0.354324996
0.51512605
0.51512605
0.51512605
0.51512605
0.51512605
0.51512605
0.51512605
0.51512605
0.51512605
0.51512605
0.51512605
0.51512605
0.51512605
0.51512605
0.51512605
0.51512605
0.51512605
0.51512605
0.51512605
0.51512605
0.51512605
0.51512605
0.51512605
0.51512605
0.51512605
0.51512605
0.459515482
0.354324996
0.51512605
0.51512605
0.51512605
0.51512605
0.51512605
0.51512605
0.51512605
0.51512605
0.51512605
0.51512605
0.51512605
0.51512605
0.51512605
0.51512605
0.51512605
0.51512605
0.51512605
0.51512605
0.51512605
0.51512605
0.51512605
0.51512605
0.51512605
0.51512605
0.51512605
0.51512605
0.459515482
0.354324996
0.51512605
0.51512605
0.51512605
0.51512605
0.51512605
0.51512605
0.51512605
0.51512605
0.51512605
0.51512605
0.51512605
0.51512605
0.51512605
0.51512605
0.51512605
0.51512605
0.51512605
0.51512605
0.51512605
0.51512605
0.51512605
0.51512605
0.51512605
0.51512605
0.51512605
0.51512605
0.459515482
0.354324996
0.51512605
0.51512605
0.51512605
0.51512605
0.51512605
0.51512605
0.51512605
0.51512605
0.51512605
0.51512605
0.51512605
0.51512605
0.51512605
0.51512605
0.51512605
0.51512605
0.51512605
0.51512605
0.51512605
0.51512605
0.51512605
0.51512605
0.51512605
0.51512605
0.51512605
0.51512605
0.459515482
0.354324996
0.51512605
0.51512605
0.51512605
0.51512605
0.51512605
0.51512605
0.51512605
0.51512605
0.51512605
0.51512605
0.51512605
0.51512605
0.51512605
0.51512605
0.51512605
0.51512605
0.51512605
0.51512605
0.51512605
0.51512605
0.51512605
0.51512605
0.51512605
0.51512605
0.51512605
0.51512605
0.459515482
0.354324996
0.51512605
0.51512605
0.51512605
0.51512605
0.935563087
0.729577243
-1.08845532
-1.90911651
-2.03918266
-1.30922842
-0.38437134
0.158387676
0.51512605
0.51512605
0.51512605
0.51512605
0.51512605
0.51512605
0.51512605
0.51512605
0.51512605
0.51512605
0.51512605
0.51512605
0.51512605
0.51512605
0.459515482
0.354324996
0.51512605
0.51512605
0.51512605
0.51512605
0.696474016
-2.32285595
-4.61254883
-4.65135479
-3.66123223
-3.27504826
-3.05038166
-2.51149082
-2.13303852
-2.13303852
-2.13303852
-2.13303852
-2.13303852
-2.13303852
-2.27318406
-2.62662792
-1.60993111
-0.000162690878
0.51512605
0.51512605
0.51512605
0.51512605
0.459515482
0.354324996
0.51512605
0.51512605
0.51512605
0.51512605
-1.23766124
-1.28970635
-1.33093452
-1.05074918
-1.30654442
-2.53399396
-3.61417603
-4.92375708
-4.99283314
-4.9511013
-5.23847389
-5.25849438
-5.3297224
-4.98707676
-4.6808033
-4.13260984
-3.07479453
-0.803359389
0.51512605
0.51512605
0.51512605
0.51512605
0.459515482
0.354324996
0.51512605
0.51512605
0.51512605
0.51512605
0.749266505
1.99357021
3.53567362
3.34387994
2.65535307
1.92483509
1.36156034
0.47388339
0.309588224
0.275041521
-0.211770251
-0.207535461
-0.0888949782
1.15162253
-0.407619953
-2.87809277
-1.81175089
-0.154384866
0.51512605
0.51512605
0.51512605
0.51512605
0.459515482
0.354324996
0.51512605
0.51512605
0.51512605
0.51512605
0.80961585
1.5498873
1.99164784
2.01846957
2.41043139
3.05183196
3.28555202
4.10632038
3.69463253
3.63347268
3.81269598
3.88366771
4.61280918
2.37968683
-0.695879579
-1.48680782
0.469752669
1.00360608
0.51512605
0.51512605
0.51512605
0.51512605
0.459515482
0.354324996
0.51512605
0.51512605
0.51512605
0.51512605
0.51512605
0.51512605
0.51512605
0.51512605
0.51512605
0.589847267
0.940634072
1.16632175
1.16935933
1.3959589
1.59529221
1.67024374
1.39050722
-1.95309377
-3.21202493
0.347005099
1.73012567
0.937618434
0.51512605
0.51512605
0.51512605
0.51512605
0.459515482
0.354324996
0.51512605
0.51512605
0.51512605
0.51512605
0.51512605
0.51512605
0.51512605
0.51512605
0.51512605
0.51512605
0.51512605
0.51512605
0.51512605
0.51512605
0.51512605
0.917276323
-1.56795108
-3.24607658
-1.7115761
0.638033807
1.11840594
0.582824051
0.51512605
0.51512605
0.51512605
0.51512605
0.459515482
0.354324996
0.51512605
0.51512605
0.51512605
0.51512605
0.51512605
0.51512605
0.51512605
0.51512605
0.51512605
0.51512605
0.51512605
0.51512605
0.51512605
0.51512605
0.810432971
-0.0695503801
-2.79763055
-3.74522686
0.0813879371
1.74111176
0.885530591
0.51512605
0.51512605
0.51512605
0.51512605
0.51512605
0.459515482
0.354324996
0.51512605
0.51512605
0.51512605
0.51512605
0.51512605
0.51512605
0.51512605
0.51512605
0.51512605
0.51512605
0.51512605
0.51512605
0.51512605
0.51512605
0.527739286
-1.65651786
-3.14461946
-0.910566211
1.86674774
1.79324794
0.68061024
0.51512605
0.51512605
0.51512605
0.51512605
0.51512605
0.459515482
0.354324996
0.51512605
0.51512605
0.51512605
0.51512605
0.51512605
0.51512605
0.51512605
0.51512605
0.51512605
0.51512605
0.51512605
0.51512605
0.51512605
0.560172856
0.252091587
-1.60306931
-2.44638133
0.676278055
1.62628388
0.754926622
0.51512605
0.51512605
0.51512605
0.51512605
0.51512605
0.51512605
0.459515482
0.354324996
0.51512605
0.51512605
0.51512605
0.51512605
0.51512605
0.51512605
0.51512605
0.51512605
0.51512605
0.51512605
0.51512605
0.51512605
0.51512605
1.04615939
-0.984809518
-2.97332883
-1.10338962
1.38166714
1.33503401
0.533931017
0.51512605
0.51512605
0.51512605
0.51512605
0.51512605
0.51512605
0.459515482
0.354324996
0.51512605
0.51512605
0.51512605
0.51512605
0.51512605
0.51512605
0.51512605
0.51512605
0.51512605
0.51512605
0.51512605
0.51512605
0.890516281
-0.218998268
-3.26334882
-3.3582809
0.599289596
1.58592594
0.733264267
0.51512605
0.51512605
0.51512605
0.51512605
0.51512605
0.51512605
0.51512605
0.459515482
0.354324996
0.51512605
0.51512605
0.51512605
0.51512605
0.51512605
0.51512605
0.51512605
0.51512605
0.51512605
0.51512605
0.51512605
0.610224903
0.630153894
-2.66000724
-3.97381806
-0.926963568
1.46997952
1.27507782
0.51512605
0.51512605
0.51512605
0.51512605
0.51512605
0.51512605
0.51512605
0.51512605
0.459515482
0.354324996
0.51512605
0.51512605
0.51512605
0.51512605
0.51512605
0.51512605
0.51512605
0.51512605
0.51512605
0.51512605
0.530141652
1.2954576
-2.12035275
-4.11401701
-2.43791461
1.13311541
1.74470067
0.729503214
0.51512605
0.51512605
0.51512605
0.51512605
0.51512605
0.51512605
0.51512605
0.51512605
0.459515482
0.354324996
0.51512605
0.51512605
0.51512605
0.51512605
0.51512605
0.51512605
0.51512605
0.51512605
0.51512605
0.51512605
0.672116339
-0.705415845
-2.86408782
-3.5226953
0.406634033
2.24409962
1.18578124
0.51512605
0.51512605
0.51512605
0.51512605
0.51512605
0.51512605
0.51512605
0.51512605
0.51512605
0.459515482
0.354324996
0.51512605
0.51512605
0.51512605
0.51512605
0.51512605
0.51512605
0.51512605
0.51512605
0.51512605
0.670287311
0.966268957
-2.395432
-3.84459519
-0.285336375
2.39086485
1.70959175
0.646761179
0.51512605
0.51512605
0.51512605
0.51512605
0.51512605
0.51512605
0.51512605
0.51512605
0.51512605
0.459515482
0.354324996
0.51512605
0.51512605
0.51512605
0.51512605
0.51512605
0.51512605
0.51512605
0.51512605
0.51512605
0.837674975
-1.71940482
-3.51729894
-2.13451767
0.95187664
1.71854222
0.806047022
0.51512605
0.51512605
0.51512605
0.51512605
0.51512605
0.51512605
0.51512605
0.51512605
0.51512605
0.51512605
0.459515482
0.354324996
0.51512605
0.51512605
0.51512605
0.51512605
0.51512605
0.51512605
0.51512605
0.51512605
0.820443392
-0.126245752
-2.73464894
-2.92890906
-1.30886221
-0.342489898
0.509148896
0.518887043
0.51512605
0.51512605
0.51512605
0.51512605
0.51512605
0.51512605
0.51512605
0.51512605
0.51512605
0.51512605
0.459515482
0.354324996
0.51512605
0.51512605
0.51512605
0.51512605
0.51512605
0.51512605
0.51512605
0.51512605
0.445538521
-1.46411955
-2.6407578
-2.45613694
-1.23653984
-0.400238574
0.383152872
0.51512605
0.51512605
0.51512605
0.51512605
0.51512605
0.51512605
0.51512605
0.51512605
0.51512605
0.51512605
0.51512605
0.459515482
0.354324996
0.51512605
0.51512605
0.51512605
0.51512605
0.51512605
0.51512605
0.51512605
0.51512605
0.0495083332
-0.761308312
-1.72479117
-2.25082159
0.939822674
1.90990746
0.763644814
0.51512605
0.51512605
0.51512605
0.51512605
0.51512605
0.51512605
0.51512605
0.51512605
0.51512605
0.51512605
0.51512605
0.459515482
0.354324996
0.51512605
0.51512605
0.51512605
0.51512605
0.51512605
0.51512605
0.51512605
0.51512605
-0.29239893
-0.477040052
1.43113947
4.14695263
3.62587523
1.68123245
0.665566206
0.51512605
0.51512605
0.51512605
0.51512605
0.51512605
0.51512605
0.51512605
0.51512605
0.51512605
0.51512605
0.51512605
0.459515482
0.23883608
0.0693717003
0.0693717003
0.0693717003
0.0693717003
0.0693717003
0.0693717003
0.0693717003
0.0693717003
0.601211548
2.1496222
3.4575336
2.75264335
0.991278827
0.137069732
0.0693717003
0.0693717003
0.0693717003
0.0693717003
0.0693717003
0.0693717003
0.0693717003
0.0693717003
0.0693717003
0.0693717003
0.0693717003
0.0693717003
-0.153054759
0.413793147
0.251652449
0.251652449
0.251652449
0.251652449
0.251652449
0.251652449
0.251652449
0.251652449
0.251652449
0.251652449
0.251652449
0.251652449
0.251652449
0.251652449
0.251652449
0.251652449
0.251652449
0.251652449
0.251652449
0.251652449
0.251652449
0.251652449
0.251652449
0.251652449
0.251652449
0.251652449
0.058729127
0.185572863
-0.00670984387
-0.00670984387
-0.00670984387
-0.00670984387
-0.00670984387
-0.00670984387
-0.00670984387
-0.00670984387
-0.00670984387
-0.00670984387
-0.00670984387
-0.00670984387
-0.00670984387
-0.00670984387
-0.00670984387
-0.00670984387
-0.00670984387
-0.00670984387
-0.00670984387
-0.00670984387
-0.00670984387
-0.00670984387
-0.00670984387
-0.00670984387
-0.00670984387
-0.00670984387
-0.0790599883
0.185572863
-0.00670984387
-0.00670984387
-0.00670984387
-0.00670984387
-0.00670984387
-0.00670984387
-0.00670984387
-0.00670984387
-0.00670984387
-0.00670984387
-0.00670984387
-0.00670984387
-0.00670984387
-0.00670984387
-0.00670984387
-0.00670984387
-0.00670984387
-0.00670984387
-0.00670984387
-0.00670984387
-0.00670984387
-0.00670984387
-0.00670984387
-0.00670984387
-0.00670984387
-0.00670984387
-0.0790599883
0.185572863
-0.00670984387
-0.00670984387
-0.00670984387
-0.00670984387
-0.00670984387
-0.00670984387
-0.00670984387
-0.00670984387
-0.00670984387
-0.00670984387
-0.00670984387
-0.00670984387
-0.00670984387
-0.00670984387
-0.00670984387
-0.00670984387
-0.00670984387
-0.00670984387
-0.00670984387
-0.00670984387
-0.00670984387
-0.00670984387
-0.00670984387
-0.00670984387
-0.00670984387
-0.00670984387
-0.0790599883
0.185572863
-0.00670984387
-0.00670984387
-0.00670984387
-0.00670984387
-0.00670984387
-0.00670984387
-0.00670984387
-0.00670984387
-0.00670984387
-0.00670984387
-0.00670984387
-0.00670984387
-0.00670984387
-0.00670984387
-0.00670984387
-0.00670984387
-0.00670984387
-0.00670984387
-0.00670984387
-0.00670984387
-0.00670984387
-0.00670984387
-0.00670984387
-0.00670984387
-0.00670984387
-0.00670984387
-0.0790599883
0.185572863
-0.00670984387
-0.00670984387
-0.00670984387
-0.00670984387
-0.00670984387
-0.00670984387
-0.00670984387
-0.00670984387
-0.00670984387
-0.00670984387
-0.00670984387
-0.00670984387
-0.00670984387
-0.00670984387
-0.00670984387
-0.00670984387
-0.00670984387
-0.00670984387
-0.00670984387
-0.00670984387
-0.00670984387
-0.00670984387
-0.00670984387
-0.00670984387
-0.00670984387
-0.00670984387
-0.0790599883
0.185572863
-0.00670984387
-0.00670984387
-0.00670984387
-0.00670984387
-0.192476898
-0.672243357
-0.775196671
-0.500378728
-0.32047233
-0.00370550156
-0.0109954476
0.056651175
-0.00670984387
-0.00670984387
-0.00670984387
-0.00670984387
-0.00670984387
-0.00670984387
-0.00670984387
-0.00670984387
-0.00670984387
-0.00670984387
-0.00670984387
-0.00670984387
-0.00670984387
-0.00670984387
-0.0790599883
0.185572863
-0.00670984387
-0.00670984387
-0.00670984387
-0.00670984387
-0.798135757
-1.44356024
-0.238477796
0.0163539648
0.216920614
-0.196270794
-0.347913355
-0.513026357
-0.700483918
-0.700483918
-0.700483918
-0.700483918
-0.700483918
-0.700483918
-0.638561606
-0.292135209
0.133768812
0.0848116279
-0.00670984387
-0.00670984387
-0.00670984387
-0.00670984387
-0.0790599883
0.185572863
-0.00670984387
-0.00670984387
-0.00670984387
-0.00670984387
-0.645092487
0.795666814
2.03728366
2.23310494
1.54405212
0.985389233
0.60847187
0.286829323
0.192667872
0.0531067252
0.104147553
0.112993598
0.171645045
0.173418045
0.160303593
0.723751783
0.828230739
0.401148796
-0.00670984387
-0.00670984387
-0.00670984387
-0.00670984387
-0.0790599883
0.185572863
-0.00670984387
-0.00670984387
-0.00670984387
-0.00670984387
0.556763113
1.59174788
2.51390791
2.30641294
2.23286366
2.32053328
2.37201118
2.66839337
2.57707953
2.39401865
2.57734203
2.6093421
2.77080894
2.17933488
1.38804948
2.00689149
2.00089478
0.661567271
-0.00670984387
-0.00670984387
-0.00670984387
-0.00670984387
-0.0790599883
0.185572863
-0.00670984387
-0.00670984387
-0.00670984387
-0.00670984387
0.235677361
0.622112215
0.682566643
0.741362274
1.01630116
1.38327444
1.65066397
2.20044613
1.91126943
2.11018109
2.30096817
2.31511331
2.13437772
0.520144284
1.31229246
3.07483029
2.36258984
0.480704665
-0.00670984387
-0.00670984387
-0.00670984387
-0.00670984387
-0.0790599883
0.185572863
-0.00670984387
-0.00670984387
-0.00670984387
-0.00670984387
-0.00670984387
-0.00670984387
-0.00670984387
-0.00670984387
-0.00670984387
0.0547913611
0.286967635
0.272485077
0.34058553
0.464740932
0.512673676
0.435078651
-0.558909416
-0.714424014
2.05001879
3.48233175
1.45986378
0.145043775
-0.00670984387
-0.00670984387
-0.00670984387
-0.00670984387
-0.0790599883
0.185572863
-0.00670984387
-0.00670984387
-0.00670984387
-0.00670984387
-0.00670984387
-0.00670984387
-0.00670984387
-0.00670984387
-0.00670984387
-0.00670984387
-0.00670984387
-0.00670984387
-0.00670984387
-0.00670984387
-0.00670984387
-0.370689541
-1.37378085
0.545981407
3.10079622
2.49732947
0.575593591
0.00956919789
-0.00670984387
-0.00670984387
-0.00670984387
-0.00670984387
-0.0790599883
0.185572863
-0.00670984387
-0.00670984387
-0.00670984387
-0.00670984387
-0.00670984387
-0.00670984387
-0.00670984387
-0.00670984387
-0.00670984387
-0.00670984387
-0.00670984387
-0.00670984387
-0.00670984387
-0.00670984387
-0.13718906
-1.1193161
-0.506250978
2.16712451
3.53236461
1.58326244
0.204970151
-0.00670984387
-0.00670984387
-0.00670984387
-0.00670984387
-0.00670984387
-0.0790599883
0.185572863
-0.00670984387
-0.00670984387
-0.00670984387
-0.00670984387
-0.00670984387
-0.00670984387
-0.00670984387
-0.00670984387
-0.00670984387
-0.00670984387
-0.00670984387
-0.00670984387
-0.00670984387
-0.00670984387
-0.511885524
-1.0723114
1.02489007
3.61173391
2.59607387
0.551953912
0.0330833495
-0.00670984387
-0.00670984387
-0.00670984387
-0.00670984387
-0.00670984387
-0.0790599883
0.185572863
-0.00670984387
-0.00670984387
-0.00670984387
-0.00670984387
-0.00670984387
-0.00670984387
-0.00670984387
-0.00670984387
-0.00670984387
-0.00670984387
-0.00670984387
-0.00670984387
-0.00670984387
-0.0266134441
-0.749840736
-0.247179717
2.3932147
3.32691312
1.13359046
0.064886868
-0.00670984387
-0.00670984387
-0.00670984387
-0.00670984387
-0.00670984387
-0.00670984387
-0.0790599883
0.185572863
-0.00670984387
-0.00670984387
-0.00670984387
-0.00670984387
-0.00670984387
-0.00670984387
-0.00670984387
-0.00670984387
-0.00670984387
-0.00670984387
-0.00670984387
-0.00670984387
-0.00670984387
-0.31755361
-1.15543079
0.659579396
3.30169821
2.25598383
0.358644843
-0.0021879375
-0.00670984387
-0.00670984387
-0.00670984387
-0.00670984387
-0.00670984387
-0.00670984387
-0.0790599883
0.185572863
-0.00670984387
-0.00670984387
-0.00670984387
-0.00670984387
-0.00670984387
-0.00670984387
-0.00670984387
-0.00670984387
-0.00670984387
-0.00670984387
-0.00670984387
-0.00670984387
-0.172573268
-1.20887709
-0.613099694
2.2879169
3.23249245
1.07032549
0.0457448363
-0.00670984387
-0.00670984387
-0.00670984387
-0.00670984387
-0.00670984387
-0.00670984387
-0.00670984387
-0.0790599883
0.185572863
-0.00670984387
-0.00670984387
-0.00670984387
-0.00670984387
-0.00670984387
-0.00670984387
-0.00670984387
-0.00670984387
-0.00670984387
-0.00670984387
-0.00670984387
-0.0487285852
-0.821727037
-1.23706079
1.32733536
3.42830443
2.16321921
0.33486858
-0.00670984387
-0.00670984387
-0.00670984387
-0.00670984387
-0.00670984387
-0.00670984387
-0.00670984387
-0.00670984387
-0.0790599883
0.185572863
-0.00670984387
-0.00670984387
-0.00670984387
-0.00670984387
-0.00670984387
-0.00670984387
-0.00670984387
-0.00670984387
-0.00670984387
-0.00670984387
-0.0133443773
-0.532767653
-1.59697843
0.613106847
2.93747163
3.1863997
0.971461535
0.0448404253
-0.00670984387
-0.00670984387
-0.00670984387
-0.00670984387
-0.00670984387
-0.00670984387
-0.00670984387
-0.00670984387
-0.0790599883
0.185572863
-0.00670984387
-0.00670984387
-0.00670984387
-0.00670984387
-0.00670984387
-0.00670984387
-0.00670984387
-0.00670984387
-0.00670984387
-0.00670984387
-0.101478398
-1.32524514
-0.193268657
2.39538836
3.69994807
1.76810336
0.252090573
-0.00670984387
-0.00670984387
-0.00670984387
-0.00670984387
-0.00670984387
-0.00670984387
-0.00670984387
-0.00670984387
-0.00670984387
-0.0790599883
0.185572863
-0.00670984387
-0.00670984387
-0.00670984387
-0.00670984387
-0.00670984387
-0.00670984387
-0.00670984387
-0.00670984387
-0.00670984387
-0.0752667189
-0.721787691
-1.152071
1.54843783
3.8004117
2.47053838
0.545234919
0.0249438584
-0.00670984387
-0.00670984387
-0.00670984387
-0.00670984387
-0.00670984387
-0.00670984387
-0.00670984387
-0.00670984387
-0.00670984387
-0.0790599883
0.185572863
-0.00670984387
-0.00670984387
-0.00670984387
-0.00670984387
-0.00670984387
-0.00670984387
-0.00670984387
-0.00670984387
-0.00670984387
-0.411728829
-1.46685231
0.357689142
3.01165938
3.03094506
0.925818205
0.0660331845
-0.00670984387
-0.00670984387
-0.00670984387
-0.00670984387
-0.00670984387
-0.00670984387
-0.00670984387
-0.00670984387
-0.00670984387
-0.00670984387
-0.0790599883
0.185572863
-0.00670984387
-0.00670984387
-0.00670984387
-0.00670984387
-0.00670984387
-0.00670984387
-0.00670984387
-0.00670984387
-0.141612083
-1.09168899
-0.46274671
1.66083384
2.99551249
1.96242511
0.353501201
-0.0058054626
-0.00670984387
-0.00670984387
-0.00670984387
-0.00670984387
-0.00670984387
-0.00670984387
-0.00670984387
-0.00670984387
-0.00670984387
-0.00670984387
-0.0790599883
0.185572863
-0.00670984387
-0.00670984387
-0.00670984387
-0.00670984387
-0.00670984387
-0.00670984387
-0.00670984387
-0.00670984387
-0.492501408
-0.985118389
0.836039424
2.28693533
2.92810106
1.73035288
0.272174299
-0.00670984387
-0.00670984387
-0.00670984387
-0.00670984387
-0.00670984387
-0.00670984387
-0.00670984387
-0.00670984387
-0.00670984387
-0.00670984387
-0.00670984387
-0.0790599883
0.185572863
-0.00670984387
-0.00670984387
-0.00670984387
-0.00670984387
-0.00670984387
-0.00670984387
-0.00670984387
-0.00670984387
-0.486442059
-0.105072796
1.5998224
3.13594699
3.39685965
1.32368982
0.164514408
-0.00670984387
-0.00670984387
-0.00670984387
-0.00670984387
-0.00670984387
-0.00670984387
-0.00670984387
-0.00670984387
-0.00670984387
-0.00670984387
-0.00670984387
-0.0790599883
0.185572863
-0.00670984387
-0.00670984387
-0.00670984387
-0.00670984387
-0.00670984387
-0.00670984387
-0.00670984387
-0.00670984387
-0.00178590417
1.06320024
2.88110042
3.7040081
1.81725705
0.37643531
0.0294657648
-0.00670984387
-0.00670984387
-0.00670984387
-0.00670984387
-0.00670984387
-0.00670984387
-0.00670984387
-0.00670984387
-0.00670984387
-0.00670984387
-0.00670984387
-0.0790599883
0.0101337135
-0.123489887
-0.123489887
-0.123489887
-0.123489887
-0.123489887
-0.123489887
-0.123489887
-0.123489887
0.314254135
1.18622661
1.55519938
0.839930058
0.121857002
-0.107210845
-0.123489887
-0.123489887
-0.123489887
-0.123489887
-0.123489887
-0.123489887
-0.123489887
-0.123489887
-0.123489887
-0.123489887
-0.123489887
-0.123489887
-0.122133642
0.0377224386
-0.182142764
-0.182142764
-0.182142764
-0.182142764
-0.182142764
-0.182142764
-0.182142764
-0.182142764
-0.182142764
-0.182142764
-0.182142764
-0.182142764
-0.182142764
-0.182142764
-0.182142764
-0.182142764
-0.182142764
-0.182142764
-0.182142764
-0.182142764
-0.182142764
-0.182142764
-0.182142764
-0.182142764
-0.182142764
-0.182142764
-0.35008496
0.259080142
-0.0628041923
-0.0628041923
-0.0628041923
-0.0628041923
-0.0628041923
-0.0628041923
-0.0628041923
-0.0628041923
-0.0628041923
-0.0628041923
-0.0628041923
-0.0628041923
-0.0628041923
-0.0628041923
-0.0628041923
-0.0628041923
-0.0628041923
-0.0628041923
-0.0628041923
-0.0628041923
-0.0628041923
-0.0628041923
-0.0628041923
-0.0628041923
-0.0628041923
-0.0628041923
-0.504603028
0.259080142
-0.0628041923
-0.0628041923
-0.0628041923
-0.0628041923
-0.0628041923
-0.0628041923
-0.0628041923
-0.0628041923
-0.0628041923
-0.0628041923
-0.0628041923
-0.0628041923
-0.0628041923
-0.0628041923
-0.0628041923
-0.0628041923
-0.0628041923
-0.0628041923
-0.0628041923
-0.0628041923
-0.0628041923
-0.0628041923
-0.0628041923
-0.0628041923
-0.0628041923
-0.0628041923
-0.504603028
0.259080142
-0.0628041923
-0.0628041923
-0.0628041923
-0.0628041923
-0.0628041923
-0.0628041923
-0.0628041923
-0.0628041923
-0.0628041923
-0.0628041923
-0.0628041923
-0.0628041923
-0.0628041923
-0.0628041923
-0.0628041923
-0.0628041923
-0.0628041923
-0.0628041923
-0.0628041923
-0.0628041923
-0.0628041923
-0.0628041923
-0.0628041923
-0.0628041923
-0.0628041923
-0.0628041923
-0.504603028
0.259080142
-0.0628041923
-0.0628041923
-0.0628041923
-0.0628041923
-0.0628041923
-0.0628041923
-0.0628041923
-0.0628041923
-0.0628041923
-0.0628041923
-0.0628041923
-0.0628041923
-0.0628041923
-0.0628041923
-0.0628041923
-0.0628041923
-0.0628041923
-0.0628041923
-0.0628041923
-0.0628041923
-0.0628041923
-0.0628041923
-0.0628041923
-0.0628041923
-0.0628041923
-0.0628041923
-0.504603028
0.259080142
-0.0628041923
-0.0628041923
-0.0628041923
-0.0628041923
-0.0628041923
-0.0628041923
-0.0628041923
-0.0628041923
-0.0628041923
-0.0628041923
-0.0628041923
-0.0628041923
-0.0628041923
-0.0628041923
-0.0628041923
-0.0628041923
-0.0628041923
-0.0628041923
-0.0628041923
-0.0628041923
-0.0628041923
-0.0628041923
-0.0628041923
-0.0628041923
-0.0628041923
-0.0628041923
-0.504603028
0.259080142
-0.0628041923
-0.0628041923
-0.0628041923
-0.0628041923
0.06717401
0.969775736
1.81307673
1.55306959
1.34546161
0.501130104
0.247170329
-0.0687299371
-0.0628041923
-0.0628041923
-0.0628041923
-0.0628041923
-0.0628041923
-0.0628041923
-0.0628041923
-0.0628041923
-0.0628041923
-0.0628041923
-0.0628041923
-0.0628041923
-0.0628041923
-0.0628041923
-0.504603028
0.259080142
-0.0628041923
-0.0628041923
-0.0628041923
-0.0628041923
-0.272544235
1.06371737
2.02611732
2.7627821
3.18828821
3.29430151
2.73991561
2.20649695
1.97016048
1.97016048
1.97016048
1.97016048
1.97016048
1.97016048
1.92683434
1.49547338
0.371219814
-0.0713635981
-0.0628041923
-0.0628041923
-0.0628041923
-0.0628041923
-0.504603028
0.259080142
-0.0628041923
-0.0628041923
-0.0628041923
-0.0628041923
-2.11152077
-2.40590262
0.0587901324
0.293194979
1.40463734
2.04710436
2.91526914
2.89214349
2.27397346
2.53640437
2.53163099
2.52544165
2.45740795
2.31017089
2.72016382
3.32365465
2.276052
0.26575011
-0.0628041923
-0.0628041923
-0.0628041923
-0.0628041923
-0.504603028
0.259080142
-0.0628041923
-0.0628041923
-0.0628041923
-0.0628041923
-2.32823968
-2.56735253
-1.11919117
-0.969851792
-1.58678913
-1.60313392
-0.905517995
-0.0437835604
-0.564854503
-0.288546026
-0.101186037
-0.0872195363
-0.077810064
-0.268024892
1.7582984
3.49919486
3.12280297
1.02553296
-0.0628041923
-0.0628041923
-0.0628041923
-0.0628041923
-0.504603028
0.259080142
-0.0628041923
-0.0628041923
-0.0628041923
-0.0628041923
-0.613335907
-0.893991411
-0.269759744
-0.537159562
-1.00219178
-1.43429351
-1.73221588
-0.80998075
-1.01640987
-1.4239974
-0.976867378
-0.891309083
-0.344395638
-1.05556583
-0.0796281397
2.64329123
2.75237107
1.07949615
-0.0628041923
-0.0628041923
-0.0628041923
-0.0628041923
-0.504603028
0.259080142
-0.0628041923
-0.0628041923
-0.0628041923
-0.0628041923
-0.0628041923
-0.0628041923
-0.0628041923
-0.0628041923
-0.0628041923
-0.202491313
-0.57834065
-0.0218403637
-0.389255941
-0.464943469
-0.30270949
-0.202932447
0.0719975308
-1.01375985
-0.235099375
2.4254055
2.27677894
0.383370996
-0.0628041923
-0.0628041923
-0.0628041923
-0.0628041923
-0.504603028
0.259080142
-0.0628041923
-0.0628041923
-0.0628041923
-0.0628041923
-0.0628041923
-0.0628041923
-0.0628041923
-0.0628041923
-0.0628041923
-0.0628041923
-0.0628041923
-0.0628041923
-0.0628041923
-0.0628041923
-0.0628041923
-0.00809460878
-0.745620251
-0.99465102
1.9799993
2.94868374
1.15926528
-0.00770588219
-0.0628041923
-0.0628041923
-0.0628041923
-0.0628041923
-0.504603028
0.259080142
-0.0628041923
-0.0628041923
-0.0628041923
-0.0628041923
-0.0628041923
-0.0628041923
-0.0628041923
-0.0628041923
-0.0628041923
-0.0628041923
-0.0628041923
-0.0628041923
-0.0628041923
-0.0628041923
0.0284900218
-0.183723241
-1.05139852
-0.169211745
2.24882913
2.43682289
0.488766998
-0.0628041923
-0.0628041923
-0.0628041923
-0.0628041923
-0.0628041923
-0.504603028
0.259080142
-0.0628041923
-0.0628041923
-0.0628041923
-0.0628041923
-0.0628041923
-0.0628041923
-0.0628041923
-0.0628041923
-0.0628041923
-0.0628041923
-0.0628041923
-0.0628041923
-0.0628041923
-0.0628041923
-0.245600313
-1.20244551
-0.75711453
1.61736369
2.44402575
1.15341759
0.0718805939
-0.0628041923
-0.0628041923
-0.0628041923
-0.0628041923
-0.0628041923
-0.504603028
0.259080142
-0.0628041923
-0.0628041923
-0.0628041923
-0.0628041923
-0.0628041923
-0.0628041923
-0.0628041923
-0.0628041923
-0.0628041923
-0.0628041923
-0.0628041923
-0.0628041923
-0.0628041923
-0.0488779545
-1.02641463
-1.5175426
0.288160801
2.70351434
2.06599617
0.160786495
-0.0628041923
-0.0628041923
-0.0628041923
-0.0628041923
-0.0628041923
-0.0628041923
-0.504603028
0.259080142
-0.0628041923
-0.0628041923
-0.0628041923
-0.0628041923
-0.0628041923
-0.0628041923
-0.0628041923
-0.0628041923
-0.0628041923
-0.0628041923
-0.0628041923
-0.0628041923
-0.0628041923
0.0728859007
-0.995537221
-1.0452466
1.72680759
2.60095286
0.909650087
-0.0474990904
-0.0628041923
-0.0628041923
-0.0628041923
-0.0628041923
-0.0628041923
-0.0628041923
-0.504603028
0.259080142
-0.0628041923
-0.0628041923
-0.0628041923
-0.0628041923
-0.0628041923
-0.0628041923
-0.0628041923
-0.0628041923
-0.0628041923
-0.0628041923
-0.0628041923
-0.0628041923
0.0532477722
0.0881060809
-0.847599924
0.0205068141
2.61882687
2.00890303
0.114734843
-0.0628041923
-0.0628041923
-0.0628041923
-0.0628041923
-0.0628041923
-0.0628041923
-0.0628041923
-0.504603028
0.259080142
-0.0628041923
-0.0628041923
-0.0628041923
-0.0628041923
-0.0628041923
-0.0628041923
-0.0628041923
-0.0628041923
-0.0628041923
-0.0628041923
-0.0628041923
-0.0334043503
-0.0460042357
-0.416131854
-0.608913302
1.92387247
2.58294654
0.879707456
-0.0628041923
-0.0628041923
-0.0628041923
-0.0628041923
-0.0628041923
-0.0628041923
-0.0628041923
-0.0628041923
-0.504603028
0.259080142
-0.0628041923
-0.0628041923
-0.0628041923
-0.0628041923
-0.0628041923
-0.0628041923
-0.0628041923
-0.0628041923
-0.0628041923
-0.0628041923
-0.0581621081
0.152823254
0.0568584651
-1.04317689
0.8873384
2.56713557
1.87827682
0.111673817
-0.0628041923
-0.0628041923
-0.0628041923
-0.0628041923
-0.0628041923
-0.0628041923
-0.0628041923
-0.0628041923
-0.504603028
0.259080142
-0.0628041923
-0.0628041923
-0.0628041923
-0.0628041923
-0.0628041923
-0.0628041923
-0.0628041923
-0.0628041923
-0.0628041923
-0.0628041923
-0.023763597
-0.826035738
-0.907367289
0.458800197
1.72569275
2.43575597
0.681977868
-0.0628041923
-0.0628041923
-0.0628041923
-0.0628041923
-0.0628041923
-0.0628041923
-0.0628041923
-0.0628041923
-0.0628041923
-0.504603028
0.259080142
-0.0628041923
-0.0628041923
-0.0628041923
-0.0628041923
-0.0628041923
-0.0628041923
-0.0628041923
-0.0628041923
-0.0628041923
-0.0148360431
0.284299165
-1.03018141
-0.900964558
1.28912115
2.46071053
1.18316269
0.0443314314
-0.0628041923
-0.0628041923
-0.0628041923
-0.0628041923
-0.0628041923
-0.0628041923
-0.0628041923
-0.0628041923
-0.0628041923
-0.504603028
0.259080142
-0.0628041923
-0.0628041923
-0.0628041923
-0.0628041923
-0.0628041923
-0.0628041923
-0.0628041923
-0.0628041923
-0.0628041923
-0.0611823648
-0.283234358
-0.980022252
1.35722971
2.58513951
1.60475588
0.179655716
-0.0628041923
-0.0628041923
-0.0628041923
-0.0628041923
-0.0628041923
-0.0628041923
-0.0628041923
-0.0628041923
-0.0628041923
-0.0628041923
-0.504603028
0.259080142
-0.0628041923
-0.0628041923
-0.0628041923
-0.0628041923
-0.0628041923
-0.0628041923
-0.0628041923
-0.0628041923
0.0315847397
-0.277082741
-1.02676558
0.0722873062
3.68651271
3.01259112
0.633827567
-0.0597431809
-0.0628041923
-0.0628041923
-0.0628041923
-0.0628041923
-0.0628041923
-0.0628041923
-0.0628041923
-0.0628041923
-0.0628041923
-0.0628041923
-0.504603028
0.259080142
-0.0628041923
-0.0628041923
-0.0628041923
-0.0628041923
-0.0628041923
-0.0628041923
-0.0628041923
-0.0628041923
-0.277341336
-1.29631233
-0.629938602
1.11263931
3.96647334
2.82071495
0.441383451
-0.0628041923
-0.0628041923
-0.0628041923
-0.0628041923
-0.0628041923
-0.0628041923
-0.0628041923
-0.0628041923
-0.0628041923
-0.0628041923
-0.0628041923
-0.504603028
0.259080142
-0.0628041923
-0.0628041923
-0.0628041923
-0.0628041923
-0.0628041923
-0.0628041923
-0.0628041923
-0.0628041923
-1.17375278
-2.18950629
0.0585242361
1.02934873
2.2140367
2.264678
0.366829395
-0.0628041923
-0.0628041923
-0.0628041923
-0.0628041923
-0.0628041923
-0.0628041923
-0.0628041923
-0.0628041923
-0.0628041923
-0.0628041923
-0.0628041923
-0.504603028
0.259080142
-0.0628041923
-0.0628041923
-0.0628041923
-0.0628041923
-0.0628041923
-0.0628041923
-0.0628041923
-0.0628041923
-1.85399699
-3.66168022
-1.98646474
0.863783956
2.12623954
0.792273819
0.0596365184
-0.0628041923
-0.0628041923
-0.0628041923
-0.0628041923
-0.0628041923
-0.0628041923
-0.0628041923
-0.0628041923
-0.0628041923
-0.0628041923
-0.0628041923
-0.504603028
0.606766462
0.279396147
0.279396147
0.279396147
0.279396147
0.279396147
0.279396147
0.279396147
0.279396147
-0.714847565
-1.61709547
-0.651017189
1.2350564
0.941380322
0.334494472
0.279396147
0.279396147
0.279396147
0.279396147
0.279396147
0.279396147
0.279396147
0.279396147
0.279396147
0.279396147
0.279396147
0.279396147
-0.21397385
