0.0487543344
0.0582036376
0.0582036376
0.0582036376
0.0582036376
0.0582036376
0.0582036376
0.0582036376
0.0582036376
0.0582036376
0.0582036376
0.0582036376
0.0582036376
0.0582036376
0.0582036376
0.0582036376
0.0582036376
0.0582036376
0.0582036376
0.0582036376
0.0582036376
0.0582036376
0.0582036376
0.0582036376
0.0582036376
0.0582036376
0.0582036376
0.304429382
0.10001415
0
0
0
0
0
0
0
0
0
0
0
0
0
0
0
0
0
0
0
0
0
0
0
0
0
0
0.0673455298
0.10001415
0
0
0
0
0
0
0
0
0
0
0
0
0
0
0
0
0
0
0
0
0
0
0
0
0
0
0.0673455298
0.10001415
0
0
0
0
0
0
0
0
0
0
0
0
0
0
0
0
0
0
0
0
0
0
0
0
0
0
0.0673455298
0.10001415
0
0
0
0
0
0
0
0
0
0
0
0
0
0
0
0
0
0
0
0
0
0
0
0
0
0
0.0673455298
0.10001415
0
0
0
0
0
0
0
0
0
0
0
0
0
0
0
0
0
0
0
0
0
0
0
0
0
0
0.0673455298
0.10001415
0
0
0
0
0.207864061
0.515329242
0.0980961323
0
0
0
0
0
0
0
0
0
0
0
0
0
0
0
0
0
0
0
0.0673455298
0.10001415
0
0
0
0
0.978731275
1.84406316
1.3822825
1.55139136
1.0001725
0.558254719
0
0
0
0
0
0
0
0
0
0
0
0
0
0
0
0
0.0673455298
0.10001415
0
0
0
0
0.797279
1.5275104
2.91805315
3.31308222
3.93855238
3.68386793
3.04639626
2.30168056
1.92542958
2.06454301
1.9345336
1.92340112
1.86369979
1.94461751
1.91767848
0.864467561
0
0
0
0
0
0
0.0673455298
0.10001415
0
0
0
0
0
0.203342348
1.42586029
1.82587206
1.99587309
2.71481061
3.52830839
3.3515954
3.25198746
3.46333456
3.34751844
3.30683446
3.09036493
3.75061512
4.15075588
2.81681442
1.18707252
0.298039764
0
0
0
0
0.0673455298
0.10001415
0
0
0
0
0
0
0.263664544
0.133655936
0
0
0.515933037
0.964213669
1.1526258
1.05731988
1.39769554
1.37921596
1.49640918
2.64769554
2.73892808
2.32933021
1.87317824
0.907224715
0
0
0
0
0.0673455298
0.10001415
0
0
0
0
0
0
0
0
0
0
0
0.180283189
0
0
0.14319095
0.241135851
1.36746264
1.28252983
0.918626487
1.85044098
1.88666177
0.480249465
0
0
0
0
0.0673455298
0.10001415
0
0
0
0
0
0
0
0
0
0
0
0
0
0
0
0.434408337
1.47671139
1.16648495
1.27634335
1.81328583
1.02928185
0.0471986234
0
0
0
0
0.0673455298
0.10001415
0
0
0
0
0
0
0
0
0
0
0
0
0
0
0.138286084
1.17864037
1.03291154
1.10804772
2.15205431
2.11122179
0.496011436
0
0
0
0
0
0.0673455298
0.10001415
0
0
0
0
0
0
0
0
0
0
0
0
0
0
0.615915656
1.44690001
1.33917332
1.17621851
1.93833292
1.31306982
0.152811408
0
0
0
0
0
0.0673455298
0.10001415
0
0
0
0
0
0
0
0
0
0
0
0
0
0
0.889092684
1.27752781
1.27795351
2.00980759
1.7347064
0.246925786
0
0
0
0
0
0
0.0673455298
0.10001415
0
0
0
0
0
0
0
0
0
0
0
0
0
0.366197526
1.07998526
1.00473785
1.19059777
1.94584572
0.992514133
0
0
0
0
0
0
0
0.0673455298
0.10001415
0
0
0
0
0
0
0
0
0
0
0
0
0.182815984
1.23507917
1.00305843
0.704185545
1.8292793
1.66723847
0.209679857
0
0
0
0
0
0
0
0.0673455298
0.10001415
0
0
0
0
0
0
0
0
0
0
0
0.0269613266
0.940470338
1.45832598
0.885538995
1.34566331
1.98879361
0.952746809
0
0
0
0
0
0
0
0
0.0673455298
0.10001415
0
0
0
0
0
0
0
0
0
0
0
0.627486706
1.45932758
0.714920759
1.39337802
2.03754807
1.66312551
0.205617815
0
0
0
0
0
0
0
0
0.0673455298
0.10001415
0
0
0
0
0
0
0
0
0
0
0.0936547518
1.5491066
1.3998965
1.30644226
1.62796807
2.18752241
0.795364022
0
0
0
0
0
0
0
0
0
0.0673455298
0.10001415
0
0
0
0
0
0
0
0
0
0.0603587627
0.768443406
0.968669355
0.895010829
1.62034321
2.28631163
1.28935337
0.116253138
0
0
0
0
0
0
0
0
0
0.0673455298
0.10001415
0
0
0
0
0
0
0
0
0
0.486983329
1.66892886
1.05849087
1.02404225
1.70707202
1.49350905
0.291058004
0
0
0
0
0
0
0
0
0
0
0.0673455298
0.10001415
0
0
0
0
0
0
0
0
0.143852323
1.13689947
1.1020174
1.77794611
2.25341463
1.44598436
0.429524064
0
0
0
0
0
0
0
0
0
0
0
0.0673455298
0.10001415
0
0
0
0
0
0
0
0
0.591727614
1.39829183
1.57991946
2.59036517
2.62003136
1.41146922
0.224361613
0
0
0
0
0
0
0
0
0
0
0
0.0673455298
0.10001415
0
0
0
0
0
0
0
0
0.588049471
1.3119334
2.31598616
2.34819412
2.50042868
2.1185267
0.3532902
0
0
0
0
0
0
0
0
0
0
0
0.0673455298
0.10001415
0
0
0
0
0
0
0
0
0
0.695052147
2.26651311
2.52051997
2.41159892
1.06131971
0.136563301
0
0
0
0
0
0
0
0
0
0
0
0.0673455298
0.203234181
0
0
0
0
0
0
0
0
0
0
0.244445041
1.50869572
0.823655367
0.00100415945
0
0
0
0
0
0
0
0
0
0
0
0
0
0
0
0
0
0
0
0
0
0
0
0
0
0
0
0
0
0
0
0
0
0
0
0
0
0
0
0
0
0
0
0
0
0
0
0
0
0
0
0
0
0
0
0
0
0
0
0
0
0
0
0
0
0
0
0
0
0
0
0
0
0
0
0
0
0
0
0
0
0
0
0
0
0
0
0
0
0
0
0
0
0
0
0
0
0
0
0
0
0
0
0
0
0
0
0
0
0
0
0
0
0
0
0
0
0
0
0
0
0
0
0
0
0
0
0
0
0
0
0
0
0
0
0
0
0
0
0
0
0
0
0
0
0
0
0
0
0
0
0
0
0
0
0
0
0
0
0
0
0
0
0
0
0
0
0
0
0
0
0
0
0
0
0
0
0
0
0
0
0
0
0
0
0
0
0
0.231576234
0.00737822056
0
0
0
0
0
0
0
0
0
0
0
0
0
0
0
0
0
0
0
0
0
0
0
0
0
1.75522518
2.13951111
2.31036425
1.76137316
1.31153965
0.658998787
0.292817324
0.220227093
0.220227093
0.220227093
0.220227093
0.220227093
0.220227093
0.186288774
0
0
0
0
0
0
0
0
0
0
0
0
0
0.663830638
2.29682016
3.00481844
2.41123867
2.58619213
2.54476547
2.81787062
2.67793989
2.57890272
2.7338028
2.70456123
2.69971323
2.65692711
2.60026789
2.59452486
1.77121282
0.387063146
0
0
0
0
0
0
0
0
0
0
0
0.143428832
1.16316974
0.430657923
0.510230601
0.746583223
1.33987761
1.84075344
2.08452606
2.19565344
2.47751379
2.51747513
2.48845768
2.29344797
2.43785381
3.37949085
2.26277304
0.169192582
0
0
0
0
0
0
0
0
0
0
0
0
0
0
0
0
0
0.070335269
0
0
0.071693182
0.115769714
0.0681576729
0
1.38532448
2.78891659
1.86595404
0
0
0
0
0
0
0
0
0
0
0
0
0
0
0
0
0
0
0
0
0
0
0
0
0
2.4266386
3.39777327
0.783611178
0
0
0
0
0
0
0
0
0
0
0
0
0
0
0
0
0
0
0
0
0
0
0
0
1.57103109
3.38857841
2.8036952
0
0
0
0
0
0
0
0
0
0
0
0
0
0
0
0
0
0
0
0
0
0
0
0
0.551829696
2.86324453
3.63434076
0.879404783
0
0
0
0
0
0
0
0
0
0
0
0
0
0
0
0
0
0
0
0
0
0
0
0
1.88769019
3.59550095
2.34878397
0
0
0
0
0
0
0
0
0
0
0
0
0
0
0
0
0
0
0
0
0
0
0
0
0.38414371
2.84874964
3.28705072
0.39664501
0
0
0
0
0
0
0
0
0
0
0
0
0
0
0
0
0
0
0
0
0
0
0
0
1.49314988
3.27421618
2.0089035
0
0
0
0
0
0
0
0
0
0
0
0
0
0
0
0
0
0
0
0
0
0
0
0
0.579937816
2.736763
3.26273251
0.529646516
0
0
0
0
0
0
0
0
0
0
0
0
0
0
0
0
0
0
0
0
0
0
0
0.0344009995
2.30418205
3.46481657
2.07654858
0
0
0
0
0
0
0
0
0
0
0
0
0
0
0
0
0
0
0
0
0
0
0
0
1.80311
3.21517515
3.16939831
0.182765752
0
0
0
0
0
0
0
0
0
0
0
0
0
0
0
0
0
0
0
0
0
0
0
0.827240288
3.11976624
3.77756786
1.0761404
0
0
0
0
0
0
0
0
0
0
0
0
0
0
0
0
0
0
0
0
0
0
0
0
2.38020706
3.52036333
1.75478768
0
0
0
0
0
0
0
0
0
0
0
0
0
0
0
0
0
0
0
0
0
0
0
0
1.47288978
3.29891729
3.30477142
0.125745416
0
0
0
0
0
0
0
0
0
0
0
0
0
0
0
0
0
0
0
0
0
0
0
0.591515779
2.84406567
3.90224409
1.97321522
0
0
0
0
0
0
0
0
0
0
0
0
0
0
0
0
0
0
0
0
0
0
0
0
1.81727874
3.68187237
3.82175064
1.53473401
0
0
0
0
0
0
0
0
0
0
0
0
0
0
0
0
0
0
0
0
0
0
0
0.189854205
2.45142078
3.8386445
2.76812315
0.492279112
0
0
0
0
0
0
0
0
0
0
0
0
0
0
0
0
0
0
0
0
0
0
0
0.177750975
1.78283465
2.14748573
0.852711082
0
0
0
0
0
0
0
0
0
0
0
0
0
0
0
0
0
0
0
0
0
0
0
0
0
0.318397611
0
0
0
0
0
0
0
0
0
0
0
0
0
0
0
0
0
0
0
0
0
0
0
0
0
0
0
0
0
0
0
0
0
0
0
0
0
0
0
0
0
0
0
0
0.206411541
0
0
0
0
0
0
0
0
0
0
0
0
0
0
0
0
0
0
0
0
0
0
0
0
0
0
0
0.387737483
0
0
0
0
0
0
0
0
0
0
0
0
0
0
0
0
0
0
0
0
0
0
0
0
0
0
0
0.387737483
0
0
0
0
0
0
0
0
0
0
0
0
0
0
0
0
0
0
0
0
0
0
0
0
0
0
0
0.387737483
0
0
0
0
0
0
0
0
0
0
0
0
0
0
0
0
0
0
0
0
0
0
0
0
0
0
0
0.387737483
0
0
0
0
0
0
0
0
0
0
0
0
0
0
0
0
0
0
0
0
0
0
0
0
0
0
0
0.387737483
0
0
0
0
0
0.27084583
0.976603389
0.68377614
0
0
0
0
0
0
0
0
0
0
0
0
0
0
0
0
0
0
0
0.387737483
0
0
0
0
0
1.48653948
3.08932257
0.866377592
0
0
0
0
0
0.171371073
0.171371073
0.171371073
0.171371073
0.171371073
0.171371073
0.0551649779
0
0
0
0
0
0
0
0.387737483
0
0
0
0
0
2.08122587
2.83156371
0.116916895
0
0
0
0
0
0
0.239636987
0.0568312109
0.0402303636
0
0
0.000101417303
0
0
0
0
0
0
0
0.387737483
0
0
0
0
0
0.915204406
1.35733473
0
0
0
0
0
0
0
0
0
0
0
0
0.898993373
0
0
0
0
0
0
0
0.387737483
0
0
0
0
0
0.06713368
0.187325954
0
0
0
0
0.0954111516
0
0
0
0
0
0
1.76586401
2.04890895
0
0
0
0
0
0
0
0.387737483
0
0
0
0
0
0
0
0
0
0
0
0.0696754605
0
0
0.00563301146
0
0
1.27828228
3.69244266
0.926950932
0
0
0
0
0
0
0
0.387737483
0
0
0
0
0
0
0
0
0
0
0
0
0
0
0
0
0.626000881
3.36361599
3.14443398
0
0
0
0
0
0
0
0
0.387737483
0
0
0
0
0
0
0
0
0
0
0
0
0
0
0
0.167090327
2.1919136
3.81526923
0.590456009
0
0
0
0
0
0
0
0
0.387737483
0
0
0
0
0
0
0
0
0
0
0
0
0
0
0
0.925811887
3.57256436
2.61214399
0
0
0
0
0
0
0
0
0
0.387737483
0
0
0
0
0
0
0
0
0
0
0
0
0
0
0
1.94935739
3.99739647
0.199626416
0
0
0
0
0
0
0
0
0
0.387737483
0
0
0
0
0
0
0
0
0
0
0
0
0
0
0.514043927
3.25656414
3.01581168
0
0
0
0
0
0
0
0
0
0
0.387737483
0
0
0
0
0
0
0
0
0
0
0
0
0
0.233493835
2.20372272
3.60113716
0.155732781
0
0
0
0
0
0
0
0
0
0
0.387737483
0
0
0
0
0
0
0
0
0
0
0
0
0.00108155608
1.47832322
3.75032115
1.73494422
0
0
0
0
0
0
0
0
0
0
0
0.387737483
0
0
0
0
0
0
0
0
0
0
0
0
0.920389295
3.49018049
2.6171658
0
0
0
0
0
0
0
0
0
0
0
0
0.387737483
0
0
0
0
0
0
0
0
0
0
0
0.102898717
2.69878888
3.86100483
0
0
0
0
0
0
0
0
0
0
0
0
0
0.387737483
0
0
0
0
0
0
0
0
0
0
0.0508841872
1.25499284
3.90189505
1.90465462
0
0
0
0
0
0
0
0
0
0
0
0
0
0.387737483
0
0
0
0
0
0
0
0
0
0
0.71149075
3.20456529
3.10334754
0
0
0
0
0
0
0
0
0
0
0
0
0
0
0.387737483
0
0
0
0
0
0
0
0
0
0.17539075
2.21976781
3.75892401
1.46631062
0
0
0
0
0
0
0
0
0
0
0
0
0
0
0.387737483
0
0
0
0
0
0
0
0
0
0.891317844
3.48525357
2.95626593
0
0
0
0
0
0
0
0
0
0
0
0
0
0
0
0.387737483
0
0
0
0
0
0
0
0
0
1.48250699
3.78650403
1.96187341
0
0
0
0
0
0
0
0
0
0
0
0
0
0
0
0.387737483
0
0
0
0
0
0
0
0
0
1.11009717
2.36208653
0.299468994
0
0
0
0
0
0
0
0
0
0
0
0
0
0
0
0.387737483
0
0
0
0
0
0
0
0
0
0.225861043
0.546996474
0
0
0
0
0
0
0
0
0
0
0
0
0
0
0
0
0.29135415
0
0
0
0
0
0
0
0
0
0
0
0
0
0
0
0
0
0
0
0
0
0
0
0
0
0
0
0
0.0962923914
0
0
0
0
0
0
0
0
0
0
0
0
0
0
0
0
0
0
0
0
0
0
0
0
0
0
0
0.0962923914
0
0
0
0
0
0
0
0
0
0
0
0
0
0
0
0
0
0
0
0
0
0
0
0
0
0
0
0.0962923914
0
0
0
0
0
0
0
0
0
0
0
0
0
0
0
0
0
0
0
0
0
0
0
0
0
0
0
0.0962923914
0
0
0
0
0
0
0
0
0
0
0
0
0
0
0
0
0
0
0
0
0
0
0
0
0
0
0
0.0962923914
0
0
0
0
0
0
0
0
0
0
0
0
0
0
0
0
0
0
0
0
0
0
0
0
0
0
0
0.0962923914
0
0
0
0
0.478796542
1.41845345
1.89324617
2.01198864
1.36698115
0.837494433
0.28246358
0.0738298893
0
0
0
0
0
0
0
0
0
0
0
0
0
0
0
0.0962923914
0
0
0
0
1.68832505
3.18664622
4.24948072
4.93163776
4.35892248
4.17231083
3.15393376
2.81955218
2.48374248
2.48374248
2.48374248
2.48374248
2.48374248
2.48374248
2.31658888
1.49991894
0.641442537
0.116716251
0
0
0
0
0
0.0962923914
0
0
0
0
0.547937453
0
0
0.0954377502
1.56196606
3.18984151
4.57681084
5.0349617
5.08932781
5.127841
5.20557261
5.18169355
5.04029417
5.09463978
5.00999641
3.87008405
2.23214865
0.671167433
0
0
0
0
0
0.0962923914
0
0
0
0
0
0
0
0
0
0
0
0
0
0
0
0
0
0
0.620897889
1.4268868
1.26460981
0.846805513
0
0
0
0
0
0.0962923914
0
0
0
0
0
0
0
0
0
0
0
0
0
0
0
0
0
0
0
0
0
0
0
0
0
0
0
0.0962923914
0
0
0
0
0
0
0
0
0
0
0
0
0
0
0
0
0.812781811
0.750602424
0
0
0
0
0
0
0
0
0
0.0962923914
0
0
0
0
0
0
0
0
0
0
0
0
0
0
0
0.848452985
2.22984934
0.733379602
0
0
0
0
0
0
0
0
0
0.0962923914
0
0
0
0
0
0
0
0
0
0
0
0
0
0
0.329552144
2.07034779
1.21866155
0
0
0
0
0
0
0
0
0
0
0.0962923914
0
0
0
0
0
0
0
0
0
0
0
0
0
0
1.04222369
1.83415937
0.282826841
0
0
0
0
0
0
0
0
0
0
0.0962923914
0
0
0
0
0
0
0
0
0
0
0
0
0
0.0310634561
1.25178027
0.419040471
0
0
0
0
0
0
0
0
0
0
0
0.0962923914
0
0
0
0
0
0
0
0
0
0
0
0
0
0.77085197
1.59123802
0
0
0
0
0
0
0
0
0
0
0
0
0.0962923914
0
0
0
0
0
0
0
0
0
0
0
0
0.425068557
2.26399755
1.5722816
0
0
0
0
0
0
0
0
0
0
0
0
0.0962923914
0
0
0
0
0
0
0
0
0
0
0
0.0907611996
1.71719086
2.26849771
0.449450135
0
0
0
0
0
0
0
0
0
0
0
0
0.0962923914
0
0
0
0
0
0
0
0
0
0
0
1.28846669
2.56190157
0.884764135
0
0
0
0
0
0
0
0
0
0
0
0
0
0.0962923914
0
0
0
0
0
0
0
0
0
0
0.217961907
2.38445878
1.30468953
0
0
0
0
0
0
0
0
0
0
0
0
0
0
0.0962923914
0
0
0
0
0
0
0
0
0
0.162398487
1.58299851
1.54540503
0
0
0
0
0
0
0
0
0
0
0
0
0
0
0
0.0962923914
0
0
0
0
0
0
0
0
0
0.913657069
2.65426493
1.23717177
0
0
0
0
0
0
0
0
0
0
0
0
0
0
0
0.0962923914
0
0
0
0
0
0
0
0
0.341491699
1.96400857
1.21426177
0.519779027
0
0.153635487
0
0
0
0
0
0
0
0
0
0
0
0
0
0.0962923914
0
0
0
0
0
0
0
0
0.979769528
1.71239746
0.635450304
0.241783053
0
0.514828265
0.1307704
0
0
0
0
0
0
0
0
0
0
0
0
0.0962923914
0
0
0
0
0
0
0
0
0.638935447
0.155722469
0
0
0
0
0
0
0
0
0
0
0
0
0
0
0
0
0
0.0962923914
0
0
0
0
0
0
0
0
0
0
0
0
0
0
0
0
0
0
0
0
0
0
0
0
0
0
0
0.428851575
0.399228364
0.399228364
0.399228364
0.399228364
0.399228364
0.399228364
0.399228364
0.399228364
0
0
0
0
0
0.304950893
0.399228364
0.399228364
0.399228364
0.399228364
0.399228364
0.399228364
0.399228364
0.399228364
0.399228364
0.399228364
0.399228364
0.399228364
0.215516016
0
0
0
0
0
0
0
0
0
0
0
0
0
0
0
0
0
0
0
0
0
0
0
0
0
0
0
0
0
0
0
0
0
0
0
0
0
0
0
0
0
0
0
0
0
0
0
0
0
0
0
0
0
0
0
0
0
0
0
0
0
0
0
0
0
0
0
0
0
0
0
0
0
0
0
0
0
0
0
0
0
0
0
0
0
0
0
0
0
0
0
0
0
0
0
0
0
0
0
0
0
0
0
0
0
0
0
0
0
0
0
0
0
0
0
0
0
0
0
0
0
0
0
0
0
0
0
0
0
0
0
0
0
0
0
0
0
0
0
0
0
0
0
0
0
0
0
0
0
0
0
0
0
0
0
0
0
0
0
0
0
0
0
0
0
0
0
0
0
0
0
0
0
0
0.48443532
1.30407774
1.56650305
1.10073674
0.489112735
0
0
0
0
0
0
0
0
0
0
0
0
0
0
0
0
0
0
0
0
0
0
0.0426838323
1.29124796
2.19903421
1.93463778
2.14963746
2.09853053
2.26298833
2.03903198
1.99504972
1.99504972
1.99504972
1.99504972
1.99504972
1.99504972
1.89930153
1.34336317
0.403596699
0
0
0
0
0
0
0
0
0
0
0
0
0.688444078
0.798592627
0.901860535
0.846021414
1.09547639
1.41487598
1.55338621
1.69397604
1.72800267
1.85184753
1.83816922
1.74458253
1.69866931
1.78208232
1.6335783
0.62157625
0
0
0
0
0
0
0
0
0
0
0
0
0.693629503
1.16468453
0.968450546
1.09865952
0.920864463
0.866288483
0.635306478
0.478629708
0.679698467
0.793539882
0.771468639
0.622671545
1.08331954
2.19796681
2.41462851
0.778324962
0
0
0
0
0
0
0
0
0
0
0
0
0
0.150887579
0.173157543
0.343025357
0.741642833
1.11403501
1.35261214
1.05567992
1.34794533
1.2090615
1.21169233
1.48182654
2.18877316
3.65822148
2.69802451
0.628954053
0
0
0
0
0
0
0
0
0
0
0
0
0
0
0
0
0
0
0
0
0
0
0.0109485798
0.634910822
2.04668283
3.15972805
1.86620545
0
0
0
0
0
0
0
0
0
0
0
0
0
0
0
0
0
0
0
0
0
0
0
0
0.839019358
2.73404503
2.73143339
1.18435287
0
0
0
0
0
0
0
0
0
0
0
0
0
0
0
0
0
0
0
0
0
0
0
0.440409034
2.18448257
2.92700148
1.68296874
0
0
0
0
0
0
0
0
0
0
0
0
0
0
0
0
0
0
0
0
0
0
0
0
0.959180415
2.63404322
2.4527657
0.912863731
0
0
0
0
0
0
0
0
0
0
0
0
0
0
0
0
0
0
0
0
0
0
0
0.0859150887
1.89479518
2.89222431
1.63930154
0
0
0
0
0
0
0
0
0
0
0
0
0
0
0
0
0
0
0
0
0
0
0
0
0.949021816
2.77149892
2.48780751
0.601620138
0
0
0
0
0
0
0
0
0
0
0
0
0
0
0
0
0
0
0
0
0
0
0
0.51250875
2.1055789
2.77125049
1.46915507
0
0
0
0
0
0
0
0
0
0
0
0
0
0
0
0
0
0
0
0
0
0
0
0.154589444
1.5229826
2.88390732
2.19145703
0.533492386
0
0
0
0
0
0
0
0
0
0
0
0
0
0
0
0
0
0
0
0
0
0
0.0799307525
1.25236368
2.95269585
2.56841373
1.31910944
0
0
0
0
0
0
0
0
0
0
0
0
0
0
0
0
0
0
0
0
0
0
0
0.241739482
2.13090992
2.68046045
1.89515066
0.153637081
0
0
0
0
0
0
0
0
0
0
0
0
0
0
0
0
0
0
0
0
0
0
0.2850191
1.72331214
3.16677523
2.14042926
0.500633657
0
0
0
0
0
0
0
0
0
0
0
0
0
0
0
0
0
0
0
0
0
0
0
0.790225029
2.5860641
2.82759452
1.62391591
0.0657942817
0
0
0
0
0
0
0
0
0
0
0
0
0
0
0
0
0
0
0
0
0
0
0.43993935
2.17636347
3.4994669
2.94642401
0.866295695
0
0
0
0
0
0
0
0
0
0
0
0
0
0
0
0
0
0
0
0
0
0
0
0.912568808
2.81492853
3.36371136
2.65881133
0.395687342
0
0
0
0
0
0
0
0
0
0
0
0
0
0
0
0
0
0
0
0
0
0
0
1.4046067
3.01009917
2.67095613
1.21626544
0
0
0
0
0
0
0
0
0
0
0
0
0
0
0
0
0
0
0
0
0
0
0
0
0.142889708
0.651252985
0.585694432
0.151332229
0
0
0
0
0
0
0
0
0
0
0
0
0
0
0
0
0
0
0
0
0
0
0
0.0724500343
0.823969483
1.54488528
1.28630829
0.380971164
0
0
0
0
0
0
0
0
0
0
0
0
0
0
0.766294479
1.05244422
1.05244422
1.05244422
1.05244422
1.05244422
1.05244422
1.05244422
1.05244422
1.05244422
1.05244422
1.05244422
1.05244422
1.05244422
1.05244422
1.05244422
1.05244422
1.05244422
1.05244422
1.05244422
1.05244422
1.05244422
1.05244422
1.05244422
1.05244422
1.05244422
1.05244422
0.850342512
0.354324996
0.51512605
0.51512605
0.51512605
0.51512605
0.51512605
0.51512605
0.51512605
0.51512605
0.51512605
0.51512605
0.51512605
0.51512605
0.51512605
0.51512605
0.51512605
0.51512605
0.51512605
0.51512605
0.51512605
0.51512605
0.51512605
0.51512605
0.51512605
0.51512605
0.51512605
0.51512605
0.459515482
0.354324996
0.51512605
0.51512605
0.51512605
0.51512605
0.51512605
0.51512605
0.51512605
0.51512605
0.51512605
0.51512605
0.51512605
0.51512605
0.51512605
0.51512605
0.51512605
0.51512605
0.51512605
0.51512605
0.51512605
0.51512605
0.51512605
0.51512605
0.51512605
0.51512605
0.51512605
0.51512605
0.459515482
0.354324996
0.51512605
0.51512605
0.51512605
0.51512605
0.51512605
0.51512605
0.51512605
0.51512605
0.51512605
0.51512605
0.51512605
0.51512605
0.51512605
0.51512605
0.51512605
0.51512605
0.51512605
0.51512605
0.51512605
0.51512605
0.51512605
0.51512605
0.51512605
0.51512605
0.51512605
0.51512605
0.459515482
0.354324996
0.51512605
0.51512605
0.51512605
0.51512605
0.51512605
0.51512605
0.51512605
0.51512605
0.51512605
0.51512605
0.51512605
0.51512605
0.51512605
0.51512605
0.51512605
0.51512605
0.51512605
0.51512605
0.51512605
0.51512605
0.51512605
0.51512605
0.51512605
0.51512605
0.51512605
0.51512605
0.459515482
0.354324996
0.51512605
0.51512605
0.51512605
0.51512605
0.51512605
0.51512605
0.51512605
0.51512605
0.51512605
0.51512605
0.51512605
0.51512605
0.51512605
0.51512605
0.51512605
0.51512605
0.51512605
0.51512605
0.51512605
0.51512605
0.51512605
0.51512605
0.51512605
0.51512605
0.51512605
0.51512605
0.459515482
0.354324996
0.51512605
0.51512605
0.51512605
0.51512605
0.935563087
0.729577243
0
0
0
0
0
0.158387676
0.51512605
0.51512605
0.51512605
0.51512605
0.51512605
0.51512605
0.51512605
0.51512605
0.51512605
0.51512605
0.51512605
0.51512605
0.51512605
0.51512605
0.459515482
0.354324996
0.51512605
0.51512605
0.51512605
0.51512605
0.696474016
0
0
0
0
0
0
0
0
0
0
0
0
0
0
0
0
0
0.51512605
0.51512605
0.51512605
0.51512605
0.459515482
0.354324996
0.51512605
0.51512605
0.51512605
0.51512605
0
0
0
0
0
0
0
0
0
0
0
0
0
0
0
0
0
0
0.51512605
0.51512605
0.51512605
0.51512605
0.459515482
0.354324996
0.51512605
0.51512605
0.51512605
0.51512605
0.749266505
1.99357021
3.53567362
3.34387994
2.65535307
1.92483509
1.36156034
0.47388339
0.309588224
0.275041521
0
0
0
1.15162253
0
0
0
0
0.51512605
0.51512605
0.51512605
0.51512605
0.459515482
0.354324996
0.51512605
0.51512605
0.51512605
0.51512605
0.80961585
1.5498873
1.99164784
2.01846957
2.41043139
3.05183196
3.28555202
4.10632038
3.69463253
3.63347268
3.81269598
3.88366771
4.61280918
2.37968683
0
0
0.469752669
1.00360608
0.51512605
0.51512605
0.51512605
0.51512605
0.459515482
0.354324996
0.51512605
0.51512605
0.51512605
0.51512605
0.51512605
0.51512605
0.51512605
0.51512605
0.51512605
0.589847267
0.940634072
1.16632175
1.16935933
1.3959589
1.59529221
1.67024374
1.39050722
0
0
0.347005099
1.73012567
0.937618434
0.51512605
0.51512605
0.51512605
0.51512605
0.459515482
0.354324996
0.51512605
0.51512605
0.51512605
0.51512605
0.51512605
0.51512605
0.51512605
0.51512605
0.51512605
0.51512605
0.51512605
0.51512605
0.51512605
0.51512605
0.51512605
0.917276323
0
0
0
0.638033807
1.11840594
0.582824051
0.51512605
0.51512605
0.51512605
0.51512605
0.459515482
0.354324996
0.51512605
0.51512605
0.51512605
0.51512605
0.51512605
0.51512605
0.51512605
0.51512605
0.51512605
0.51512605
0.51512605
0.51512605
0.51512605
0.51512605
0.810432971
0
0
0
0.0813879371
1.74111176
0.885530591
0.51512605
0.51512605
0.51512605
0.51512605
0.51512605
0.459515482
0.354324996
0.51512605
0.51512605
0.51512605
0.51512605
0.51512605
0.51512605
0.51512605
0.51512605
0.51512605
0.51512605
0.51512605
0.51512605
0.51512605
0.51512605
0.527739286
0
0
0
1.86674774
1.79324794
0.68061024
0.51512605
0.51512605
0.51512605
0.51512605
0.51512605
0.459515482
0.354324996
0.51512605
0.51512605
0.51512605
0.51512605
0.51512605
0.51512605
0.51512605
0.51512605
0.51512605
0.51512605
0.51512605
0.51512605
0.51512605
0.560172856
0.252091587
0
0
0.676278055
1.62628388
0.754926622
0.51512605
0.51512605
0.51512605
0.51512605
0.51512605
0.51512605
0.459515482
0.354324996
0.51512605
0.51512605
0.51512605
0.51512605
0.51512605
0.51512605
0.51512605
0.51512605
0.51512605
0.51512605
0.51512605
0.51512605
0.51512605
1.04615939
0
0
0
1.38166714
1.33503401
0.533931017
0.51512605
0.51512605
0.51512605
0.51512605
0.51512605
0.51512605
0.459515482
0.354324996
0.51512605
0.51512605
0.51512605
0.51512605
0.51512605
0.51512605
0.51512605
0.51512605
0.51512605
0.51512605
0.51512605
0.51512605
0.890516281
0
0
0
0.599289596
1.58592594
0.733264267
0.51512605
0.51512605
0.51512605
0.51512605
0.51512605
0.51512605
0.51512605
0.459515482
0.354324996
0.51512605
0.51512605
0.51512605
0.51512605
0.51512605
0.51512605
0.51512605
0.51512605
0.51512605
0.51512605
0.51512605
0.610224903
0.630153894
0
0
0
1.46997952
1.27507782
0.51512605
0.51512605
0.51512605
0.51512605
0.51512605
0.51512605
0.51512605
0.51512605
0.459515482
0.354324996
0.51512605
0.51512605
0.51512605
0.51512605
0.51512605
0.51512605
0.51512605
0.51512605
0.51512605
0.51512605
0.530141652
1.2954576
0
0
0
1.13311541
1.74470067
0.729503214
0.51512605
0.51512605
0.51512605
0.51512605
0.51512605
0.51512605
0.51512605
0.51512605
0.459515482
0.354324996
0.51512605
0.51512605
0.51512605
0.51512605
0.51512605
0.51512605
0.51512605
0.51512605
0.51512605
0.51512605
0.672116339
0
0
0
0.406634033
2.24409962
1.18578124
0.51512605
0.51512605
0.51512605
0.51512605
0.51512605
0.51512605
0.51512605
0.51512605
0.51512605
0.459515482
0.354324996
0.51512605
0.51512605
0.51512605
0.51512605
0.51512605
0.51512605
0.51512605
0.51512605
0.51512605
0.670287311
0.966268957
0
0
0
2.39086485
1.70959175
0.646761179
0.51512605
0.51512605
0.51512605
0.51512605
0.51512605
0.51512605
0.51512605
0.51512605
0.51512605
0.459515482
0.354324996
0.51512605
0.51512605
0.51512605
0.51512605
0.51512605
0.51512605
0.51512605
0.51512605
0.51512605
0.837674975
0
0
0
0.95187664
1.71854222
0.806047022
0.51512605
0.51512605
0.51512605
0.51512605
0.51512605
0.51512605
0.51512605
0.51512605
0.51512605
0.51512605
0.459515482
0.354324996
0.51512605
0.51512605
0.51512605
0.51512605
0.51512605
0.51512605
0.51512605
0.51512605
0.820443392
0
0
0
0
0
0.509148896
0.518887043
0.51512605
0.51512605
0.51512605
0.51512605
0.51512605
0.51512605
0.51512605
0.51512605
0.51512605
0.51512605
0.459515482
0.354324996
0.51512605
0.51512605
0.51512605
0.51512605
0.51512605
0.51512605
0.51512605
0.51512605
0.445538521
0
0
0
0
0
0.383152872
0.51512605
0.51512605
0.51512605
0.51512605
0.51512605
0.51512605
0.51512605
0.51512605
0.51512605
0.51512605
0.51512605
0.459515482
0.354324996
0.51512605
0.51512605
0.51512605
0.51512605
0.51512605
0.51512605
0.51512605
0.51512605
0.0495083332
0
0
0
0.939822674
1.90990746
0.763644814
0.51512605
0.51512605
0.51512605
0.51512605
0.51512605
0.51512605
0.51512605
0.51512605
0.51512605
0.51512605
0.51512605
0.459515482
0.354324996
0.51512605
0.51512605
0.51512605
0.51512605
0.51512605
0.51512605
0.51512605
0.51512605
0
0
1.43113947
4.14695263
3.62587523
1.68123245
0.665566206
0.51512605
0.51512605
0.51512605
0.51512605
0.51512605
0.51512605
0.51512605
0.51512605
0.51512605
0.51512605
0.51512605
0.459515482
0.23883608
0.0693717003
0.0693717003
0.0693717003
0.0693717003
0.0693717003
0.0693717003
0.0693717003
0.0693717003
0.601211548
2.1496222
3.4575336
2.75264335
0.991278827
0.137069732
0.0693717003
0.0693717003
0.0693717003
0.0693717003
0.0693717003
0.0693717003
0.0693717003
0.0693717003
0.0693717003
0.0693717003
0.0693717003
0.0693717003
0
0.413793147
0.251652449
0.251652449
0.251652449
0.251652449
0.251652449
0.251652449
0.251652449
0.251652449
0.251652449
0.251652449
0.251652449
0.251652449
0.251652449
0.251652449
0.251652449
0.251652449
0.251652449
0.251652449
0.251652449
0.251652449
0.251652449
0.251652449
0.251652449
0.251652449
0.251652449
0.251652449
0.058729127
0.185572863
0
0
0
0
0
0
0
0
0
0
0
0
0
0
0
0
0
0
0
0
0
0
0
0
0
0
0
0.185572863
0
0
0
0
0
0
0
0
0
0
0
0
0
0
0
0
0
0
0
0
0
0
0
0
0
0
0
0.185572863
0
0
0
0
0
0
0
0
0
0
0
0
0
0
0
0
0
0
0
0
0
0
0
0
0
0
0
0.185572863
0
0
0
0
0
0
0
0
0
0
0
0
0
0
0
0
0
0
0
0
0
0
0
0
0
0
0
0.185572863
0
0
0
0
0
0
0
0
0
0
0
0
0
0
0
0
0
0
0
0
0
0
0
0
0
0
0
0.185572863
0
0
0
0
0
0
0
0
0
0
0
0.056651175
0
0
0
0
0
0
0
0
0
0
0
0
0
0
0
0.185572863
0
0
0
0
0
0
0
0.0163539648
0.216920614
0
0
0
0
0
0
0
0
0
0
0
0.133768812
0.0848116279
0
0
0
0
0
0.185572863
0
0
0
0
0
0.795666814
2.03728366
2.23310494
1.54405212
0.985389233
0.60847187
0.286829323
0.192667872
0.0531067252
0.104147553
0.112993598
0.171645045
0.173418045
0.160303593
0.723751783
0.828230739
0.401148796
0
0
0
0
0
0.185572863
0
0
0
0
0.556763113
1.59174788
2.51390791
2.30641294
2.23286366
2.32053328
2.37201118
2.66839337
2.57707953
2.39401865
2.57734203
2.6093421
2.77080894
2.17933488
1.38804948
2.00689149
2.00089478
0.661567271
0
0
0
0
0
0.185572863
0
0
0
0
0.235677361
0.622112215
0.682566643
0.741362274
1.01630116
1.38327444
1.65066397
2.20044613
1.91126943
2.11018109
2.30096817
2.31511331
2.13437772
0.520144284
1.31229246
3.07483029
2.36258984
0.480704665
0
0
0
0
0
0.185572863
0
0
0
0
0
0
0
0
0
0.0547913611
0.286967635
0.272485077
0.34058553
0.464740932
0.512673676
0.435078651
0
0
2.05001879
3.48233175
1.45986378
0.145043775
0
0
0
0
0
0.185572863
0
0
0
0
0
0
0
0
0
0
0
0
0
0
0
0
0
0.545981407
3.10079622
2.49732947
0.575593591
0.00956919789
0
0
0
0
0
0.185572863
0
0
0
0
0
0
0
0
0
0
0
0
0
0
0
0
0
2.16712451
3.53236461
1.58326244
0.204970151
0
0
0
0
0
0
0.185572863
0
0
0
0
0
0
0
0
0
0
0
0
0
0
0
0
1.02489007
3.61173391
2.59607387
0.551953912
0.0330833495
0
0
0
0
0
0
0.185572863
0
0
0
0
0
0
0
0
0
0
0
0
0
0
0
0
2.3932147
3.32691312
1.13359046
0.064886868
0
0
0
0
0
0
0
0.185572863
0
0
0
0
0
0
0
0
0
0
0
0
0
0
0
0.659579396
3.30169821
2.25598383
0.358644843
0
0
0
0
0
0
0
0
0.185572863
0
0
0
0
0
0
0
0
0
0
0
0
0
0
0
2.2879169
3.23249245
1.07032549
0.0457448363
0
0
0
0
0
0
0
0
0.185572863
0
0
0
0
0
0
0
0
0
0
0
0
0
0
1.32733536
3.42830443
2.16321921
0.33486858
0
0
0
0
0
0
0
0
0
0.185572863
0
0
0
0
0
0
0
0
0
0
0
0
0
0.613106847
2.93747163
3.1863997
0.971461535
0.0448404253
0
0
0
0
0
0
0
0
0
0.185572863
0
0
0
0
0
0
0
0
0
0
0
0
0
2.39538836
3.69994807
1.76810336
0.252090573
0
0
0
0
0
0
0
0
0
0
0.185572863
0
0
0
0
0
0
0
0
0
0
0
0
1.54843783
3.8004117
2.47053838
0.545234919
0.0249438584
0
0
0
0
0
0
0
0
0
0
0.185572863
0
0
0
0
0
0
0
0
0
0
0
0.357689142
3.01165938
3.03094506
0.925818205
0.0660331845
0
0
0
0
0
0
0
0
0
0
0
0.185572863
0
0
0
0
0
0
0
0
0
0
0
1.66083384
2.99551249
1.96242511
0.353501201
0
0
0
0
0
0
0
0
0
0
0
0
0.185572863
0
0
0
0
0
0
0
0
0
0
0.836039424
2.28693533
2.92810106
1.73035288
0.272174299
0
0
0
0
0
0
0
0
0
0
0
0
0.185572863
0
0
0
0
0
0
0
0
0
0
1.5998224
3.13594699
3.39685965
1.32368982
0.164514408
0
0
0
0
0
0
0
0
0
0
0
0
0.185572863
0
0
0
0
0
0
0
0
0
1.06320024
2.88110042
3.7040081
1.81725705
0.37643531
0.0294657648
0
0
0
0
0
0
0
0
0
0
0
0
0.0101337135
0
0
0
0
0
0
0
0
0.314254135
1.18622661
1.55519938
0.839930058
0.121857002
0
0
0
0
0
0
0
0
0
0
0
0
0
0
0.0377224386
0
0
0
0
0
0
0
0
0
0
0
0
0
0
0
0
0
0
0
0
0
0
0
0
0
0
0
0.259080142
0
0
0
0
0
0
0
0
0
0
0
0
0
0
0
0
0
0
0
0
0
0
0
0
0
0
0
0.259080142
0
0
0
0
0
0
0
0
0
0
0
0
0
0
0
0
0
0
0
0
0
0
0
0
0
0
0
0.259080142
0
0
0
0
0
0
0
0
0
0
0
0
0
0
0
0
0
0
0
0
0
0
0
0
0
0
0
0.259080142
0
0
0
0
0
0
0
0
0
0
0
0
0
0
0
0
0
0
0
0
0
0
0
0
0
0
0
0.259080142
0
0
0
0
0
0
0
0
0
0
0
0
0
0
0
0
0
0
0
0
0
0
0
0
0
0
0
0.259080142
0
0
0
0
0.06717401
0.969775736
1.81307673
1.55306959
1.34546161
0.501130104
0.247170329
0
0
0
0
0
0
0
0
0
0
0
0
0
0
0
0
0.259080142
0
0
0
0
0
1.06371737
2.02611732
2.7627821
3.18828821
3.29430151
2.73991561
2.20649695
1.97016048
1.97016048
1.97016048
1.97016048
1.97016048
1.97016048
1.92683434
1.49547338
0.371219814
0
0
0
0
0
0
0.259080142
0
0
0
0
0
0
0.0587901324
0.293194979
1.40463734
2.04710436
2.91526914
2.89214349
2.27397346
2.53640437
2.53163099
2.52544165
2.45740795
2.31017089
2.72016382
3.32365465
2.276052
0.26575011
0
0
0
0
0
0.259080142
0
0
0
0
0
0
0
0
0
0
0
0
0
0
0
0
0
0
1.7582984
3.49919486
3.12280297
1.02553296
0
0
0
0
0
0.259080142
0
0
0
0
0
0
0
0
0
0
0
0
0
0
0
0
0
0
0
2.64329123
2.75237107
1.07949615
0
0
0
0
0
0.259080142
0
0
0
0
0
0
0
0
0
0
0
0
0
0
0
0
0.0719975308
0
0
2.4254055
2.27677894
0.383370996
0
0
0
0
0
0.259080142
0
0
0
0
0
0
0
0
0
0
0
0
0
0
0
0
0
0
1.9799993
2.94868374
1.15926528
0
0
0
0
0
0
0.259080142
0
0
0
0
0
0
0
0
0
0
0
0
0
0
0.0284900218
0
0
0
2.24882913
2.43682289
0.488766998
0
0
0
0
0
0
0.259080142
0
0
0
0
0
0
0
0
0
0
0
0
0
0
0
0
0
1.61736369
2.44402575
1.15341759
0.0718805939
0
0
0
0
0
0
0.259080142
0
0
0
0
0
0
0
0
0
0
0
0
0
0
0
0
0.288160801
2.70351434
2.06599617
0.160786495
0
0
0
0
0
0
0
0.259080142
0
0
0
0
0
0
0
0
0
0
0
0
0
0.0728859007
0
0
1.72680759
2.60095286
0.909650087
0
0
0
0
0
0
0
0
0.259080142
0
0
0
0
0
0
0
0
0
0
0
0
0.0532477722
0.0881060809
0
0.0205068141
2.61882687
2.00890303
0.114734843
0
0
0
0
0
0
0
0
0.259080142
0
0
0
0
0
0
0
0
0
0
0
0
0
0
0
1.92387247
2.58294654
0.879707456
0
0
0
0
0
0
0
0
0
0.259080142
0
0
0
0
0
0
0
0
0
0
0
0.152823254
0.0568584651
0
0.8873384
2.56713557
1.87827682
0.111673817
0
0
0
0
0
0
0
0
0
0.259080142
0
0
0
0
0
0
0
0
0
0
0
0
0
0.458800197
1.72569275
2.43575597
0.681977868
0
0
0
0
0
0
0
0
0
0
0.259080142
0
0
0
0
0
0
0
0
0
0
0.284299165
0
0
1.28912115
2.46071053
1.18316269
0.0443314314
0
0
0
0
0
0
0
0
0
0
0.259080142
0
0
0
0
0
0
0
0
0
0
0
0
1.35722971
2.58513951
1.60475588
0.179655716
0
0
0
0
0
0
0
0
0
0
0
0.259080142
0
0
0
0
0
0
0
0
0.0315847397
0
0
0.0722873062
3.68651271
3.01259112
0.633827567
0
0
0
0
0
0
0
0
0
0
0
0
0.259080142
0
0
0
0
0
0
0
0
0
0
0
1.11263931
3.96647334
2.82071495
0.441383451
0
0
0
0
0
0
0
0
0
0
0
0
0.259080142
0
0
0
0
0
0
0
0
0
0
0.0585242361
1.02934873
2.2140367
2.264678
0.366829395
0
0
0
0
0
0
0
0
0
0
0
0
0.259080142
0
0
0
0
0
0
0
0
0
0
0
0.863783956
2.12623954
0.792273819
0.0596365184
0
0
0
0
0
0
0
0
0
0
0
0
0.606766462
0.279396147
0.279396147
0.279396147
0.279396147
0.279396147
0.279396147
0.279396147
0.279396147
0
0
0
1.2350564
0.941380322
0.334494472
0.279396147
0.279396147
0.279396147
0.279396147
0.279396147
0.279396147
0.279396147
0.279396147
0.279396147
0.279396147
0.279396147
0.279396147
0
