0.10001415
0.0582036376
0.0582036376
0.0582036376
0.0582036376
0.0582036376
0.0582036376
0.0582036376
0.0582036376
0.0582036376
0.0582036376
0.0582036376
0.0582036376
0.304429382
0.10001415
0
0
0
0
0
0
0
0
0
0
0
0
0.0673455298
0.10001415
0
0
0
0
0
0
0
0
0
0
0
0
0.0673455298
0.10001415
0
0.978731275
1.84406316
1.55139136
0.558254719
0
0
0
0
0
0
0
0.0673455298
0.10001415
0
0.797279
2.91805315
3.93855238
3.68386793
3.3515954
3.46333456
3.30683446
4.15075588
2.81681442
0.298039764
0
0.0673455298
0.10001415
0
0
0.263664544
0.133655936
0.515933037
1.1526258
1.39769554
1.49640918
2.73892808
2.32933021
0.907224715
0
0.0673455298
0.10001415
0
0
0
0
0
0
0.138286084
1.47671139
2.15205431
2.11122179
0.0471986234
0
0.0673455298
0.10001415
0
0
0
0
0
0
0.889092684
1.44690001
2.00980759
1.31306982
0
0
0.0673455298
0.10001415
0
0
0
0
0
0.182815984
1.23507917
1.8292793
1.94584572
0
0
0
0.0673455298
0.10001415
0
0
0
0
0
1.45932758
1.45832598
2.03754807
0.952746809
0
0
0
0.0673455298
0.10001415
0
0
0
0
0.768443406
1.5491066
2.28631163
2.18752241
0
0
0
0
0.0673455298
0.10001415
0
0
0
0.143852323
1.66892886
2.25341463
1.70707202
0.291058004
0
0
0
0
0.0673455298
0.10001415
0
0
0
0.591727614
2.31598616
2.62003136
2.1185267
0
0
0
0
0
0.0673455298
0.203234181
0
0
0
0
2.26651311
2.52051997
1.06131971
0
0
0
0
0
0.0673455298
0
0
0
0
0
0
0
0
0
0
0
0
0
0
0
0
0
0
0
0
0
0
0
0
0
0
0
0
0
0
0
0
0
0
0
0
0
0
0
0
0
0
0
0
0
2.13951111
2.31036425
1.31153965
0.292817324
0.220227093
0.220227093
0.220227093
0
0
0
0
0
0
0.663830638
3.00481844
2.58619213
2.81787062
2.67793989
2.7338028
2.69971323
3.37949085
2.26277304
0
0
0
0
0
0
0
0
0.070335269
0
0.115769714
0.0681576729
3.39777327
1.86595404
0
0
0
0
0
0
0
0
0
0
0
2.86324453
3.63434076
0
0
0
0
0
0
0
0
0
0
0
0.38414371
3.59550095
2.34878397
0
0
0
0
0
0
0
0
0
0
0
2.736763
3.27421618
0
0
0
0
0
0
0
0
0
0
0
1.80311
3.46481657
2.07654858
0
0
0
0
0
0
0
0
0
0
0
3.52036333
3.77756786
0
0
0
0
0
0
0
0
0
0
0
2.84406567
3.90224409
0.125745416
0
0
0
0
0
0
0
0
0
0
0.189854205
3.8386445
3.82175064
0
0
0
0
0
0
0
0
0
0
0
0.177750975
2.14748573
0.852711082
0
0
0
0
0
0
0
0
0
0
0
0
0
0
0
0
0
0
0
0
0.387737483
0
0
0
0
0
0
0
0
0
0
0
0
0
0.387737483
0
0
0
0
0
0
0
0
0
0
0
0
0
0.387737483
0
0
1.48653948
3.08932257
0
0
0.171371073
0.171371073
0.171371073
0.171371073
0
0
0
0.387737483
0
0
2.08122587
2.83156371
0
0
0
0.239636987
0.0402303636
0.898993373
0
0
0
0.387737483
0
0
0.06713368
0.187325954
0
0.0954111516
0
0.00563301146
1.27828228
3.69244266
0
0
0
0.387737483
0
0
0
0
0
0
0
0.167090327
3.81526923
3.14443398
0
0
0
0.387737483
0
0
0
0
0
0
0
1.94935739
3.99739647
0
0
0
0
0.387737483
0
0
0
0
0
0
0.233493835
3.60113716
3.01581168
0
0
0
0
0.387737483
0
0
0
0
0
0
3.49018049
3.75032115
0
0
0
0
0
0.387737483
0
0
0
0
0
1.25499284
3.90189505
0
0
0
0
0
0
0.387737483
0
0
0
0
0.17539075
3.75892401
3.10334754
0
0
0
0
0
0
0.387737483
0
0
0
0
1.48250699
3.78650403
0
0
0
0
0
0
0
0.387737483
0
0
0
0
1.11009717
2.36208653
0
0
0
0
0
0
0
0.387737483
0.0962923914
0
0
0
0
0
0
0
0
0
0
0
0
0
0.0962923914
0
0
0
0
0
0
0
0
0
0
0
0
0
0.0962923914
0
0
0
0
0
0
0
0
0
0
0
0
0
0.0962923914
0
1.68832505
4.24948072
4.93163776
4.17231083
2.81955218
2.48374248
2.48374248
2.48374248
1.49991894
0.116716251
0
0
0.0962923914
0
0.547937453
0
1.56196606
4.57681084
5.08932781
5.20557261
5.18169355
5.09463978
3.87008405
0.846805513
0
0
0.0962923914
0
0
0
0
0
0
0
0.812781811
0.750602424
0
0
0
0
0.0962923914
0
0
0
0
0
0
0.329552144
2.22984934
0.733379602
0
0
0
0
0.0962923914
0
0
0
0
0
0
1.25178027
1.83415937
0
0
0
0
0
0.0962923914
0
0
0
0
0
0.425068557
2.26399755
0
0
0
0
0
0
0.0962923914
0
0
0
0
0
2.56190157
2.26849771
0
0
0
0
0
0
0.0962923914
0
0
0
0
1.58299851
2.38445878
0
0
0
0
0
0
0
0.0962923914
0
0
0
0.341491699
2.65426493
1.23717177
0.153635487
0
0
0
0
0
0
0.0962923914
0
0
0
0.979769528
1.71239746
0.241783053
0.514828265
0
0
0
0
0
0
0.428851575
0.399228364
0.399228364
0.399228364
0.399228364
0
0
0.399228364
0.399228364
0.399228364
0.399228364
0.399228364
0.399228364
0.399228364
0
0
0
0
0
0
0
0
0
0
0
0
0
0
0
0
0
0
0
0
0
0
0
0
0
0
0
0
0
0
0
0
0
0
0
0
0
0
0
0
0
0
0
0
0.0426838323
2.19903421
2.14963746
2.26298833
2.03903198
1.99504972
1.99504972
1.99504972
1.34336317
0
0
0
0
0
0
1.16468453
1.09865952
1.41487598
1.69397604
1.85184753
1.83816922
2.19796681
2.41462851
0
0
0
0
0
0
0.150887579
0.343025357
1.11403501
1.35261214
1.34794533
1.48182654
3.65822148
2.69802451
0
0
0
0
0
0
0
0
0
0
0
2.18448257
2.92700148
1.18435287
0
0
0
0
0
0
0
0
0
0
0.0859150887
2.89222431
2.4527657
0
0
0
0
0
0
0
0
0
0
0
2.1055789
2.77149892
0.601620138
0
0
0
0
0
0
0
0
0
0
1.25236368
2.95269585
2.19145703
0
0
0
0
0
0
0
0
0
0
0.2850191
3.16677523
2.68046045
0.153637081
0
0
0
0
0
0
0
0
0
0
2.17636347
3.4994669
1.62391591
0
0
0
0
0
0
0
0
0
0
0
3.01009917
3.36371136
0.395687342
0
0
0
0
0
0
0
0
0
0
0.0724500343
1.54488528
1.28630829
0
0
0
0
0
0
0
1.05244422
1.05244422
1.05244422
1.05244422
1.05244422
1.05244422
1.05244422
1.05244422
1.05244422
1.05244422
1.05244422
1.05244422
1.05244422
1.05244422
0.51512605
0.51512605
0.51512605
0.51512605
0.51512605
0.51512605
0.51512605
0.51512605
0.51512605
0.51512605
0.51512605
0.51512605
0.51512605
0.51512605
0.51512605
0.51512605
0.51512605
0.51512605
0.51512605
0.51512605
0.51512605
0.51512605
0.51512605
0.51512605
0.51512605
0.51512605
0.51512605
0.51512605
0.51512605
0.51512605
0.935563087
0.729577243
0
0
0.51512605
0.51512605
0.51512605
0.51512605
0.51512605
0.51512605
0.51512605
0.51512605
0.51512605
0.51512605
0.749266505
3.53567362
3.34387994
1.92483509
0.47388339
0.275041521
0
1.15162253
0
0.51512605
0.51512605
0.51512605
0.51512605
0.51512605
0.80961585
1.99164784
2.41043139
3.28555202
4.10632038
3.81269598
4.61280918
2.37968683
1.73012567
1.00360608
0.51512605
0.51512605
0.51512605
0.51512605
0.51512605
0.51512605
0.51512605
0.51512605
0.51512605
0.810432971
0.917276323
0.0813879371
1.74111176
0.582824051
0.51512605
0.51512605
0.51512605
0.51512605
0.51512605
0.51512605
0.51512605
0.51512605
0.51512605
0.560172856
0
1.86674774
1.79324794
0.51512605
0.51512605
0.51512605
0.51512605
0.51512605
0.51512605
0.51512605
0.51512605
0.51512605
0.890516281
1.04615939
0.599289596
1.58592594
0.533931017
0.51512605
0.51512605
0.51512605
0.51512605
0.51512605
0.51512605
0.51512605
0.51512605
0.530141652
1.2954576
0
1.74470067
1.27507782
0.51512605
0.51512605
0.51512605
0.51512605
0.51512605
0.51512605
0.51512605
0.51512605
0.51512605
0.966268957
0
2.39086485
2.24409962
0.51512605
0.51512605
0.51512605
0.51512605
0.51512605
0.51512605
0.51512605
0.51512605
0.51512605
0.820443392
0.837674975
0
1.71854222
0.806047022
0.51512605
0.51512605
0.51512605
0.51512605
0.51512605
0.51512605
0.51512605
0.51512605
0.51512605
0.51512605
0
0.939822674
1.90990746
0.51512605
0.51512605
0.51512605
0.51512605
0.51512605
0.51512605
0.51512605
0.51512605
0.51512605
0.51512605
0.601211548
3.4575336
4.14695263
1.68123245
0.51512605
0.51512605
0.51512605
0.51512605
0.51512605
0.51512605
0.413793147
0.251652449
0.251652449
0.251652449
0.251652449
0.251652449
0.251652449
0.251652449
0.251652449
0.251652449
0.251652449
0.251652449
0.251652449
0.251652449
0.185572863
0
0
0
0
0
0
0
0
0
0
0
0
0
0.185572863
0
0
0
0
0
0
0
0
0
0
0
0
0
0.185572863
0
0
0
0.216920614
0
0.056651175
0
0
0
0.133768812
0.0848116279
0
0
0.185572863
0
0.556763113
2.51390791
2.30641294
2.37201118
2.66839337
2.57734203
2.77080894
2.17933488
2.00689149
0.661567271
0
0
0.185572863
0
0.235677361
0.682566643
1.01630116
1.65066397
2.20044613
2.30096817
2.31511331
2.05001879
3.48233175
0.480704665
0
0
0.185572863
0
0
0
0
0
0
0
0
3.53236461
2.49732947
0.00956919789
0
0
0.185572863
0
0
0
0
0
0
0
2.3932147
3.61173391
0.551953912
0
0
0
0.185572863
0
0
0
0
0
0
0
3.30169821
2.25598383
0
0
0
0
0.185572863
0
0
0
0
0
0
2.93747163
3.42830443
0.33486858
0
0
0
0
0.185572863
0
0
0
0
0
1.54843783
3.8004117
1.76810336
0
0
0
0
0
0.185572863
0
0
0
0
0
3.01165938
3.03094506
0.0660331845
0
0
0
0
0
0.185572863
0
0
0
0
1.5998224
3.39685965
1.73035288
0
0
0
0
0
0
0.185572863
0
0
0
0.314254135
2.88110042
3.7040081
0.37643531
0
0
0
0
0
0
0.259080142
0
0
0
0
0
0
0
0
0
0
0
0
0
0.259080142
0
0
0
0
0
0
0
0
0
0
0
0
0
0.259080142
0
0
0
0
0
0
0
0
0
0
0
0
0
0.259080142
0
0.06717401
2.02611732
3.18828821
3.29430151
2.20649695
1.97016048
1.97016048
1.97016048
1.49547338
0
0
0
0.259080142
0
0
0.0587901324
1.40463734
2.91526914
2.89214349
2.53640437
2.52544165
2.72016382
3.49919486
1.02553296
0
0
0.259080142
0
0
0
0
0
0
0
0.0719975308
0
2.75237107
1.07949615
0
0
0.259080142
0
0
0
0
0
0
0.0284900218
0
2.24882913
2.94868374
0
0
0
0.259080142
0
0
0
0
0
0
0
0.288160801
2.70351434
1.15341759
0
0
0
0.259080142
0
0
0
0
0
0.0532477722
0.0881060809
2.61882687
2.60095286
0
0
0
0
0.259080142
0
0
0
0
0
0.152823254
0.8873384
2.58294654
0.879707456
0
0
0
0
0.259080142
0
0
0
0
0.284299165
0
2.46071053
2.43575597
0
0
0
0
0
0.259080142
0
0
0
0.0315847397
0
3.68651271
3.01259112
0.179655716
0
0
0
0
0
0.259080142
0
0
0
0
0.0585242361
3.96647334
2.82071495
0
0
0
0
0
0
0.606766462
0.279396147
0.279396147
0.279396147
0.279396147
0
2.12623954
0.792273819
0.279396147
0.279396147
0.279396147
0.279396147
0.279396147
0.279396147
