0.479761153
0.587074876
0.445337713
0.445337713
0.445337713
0.445337713
0.445337713
0.445337713
0.445337713
0.445337713
0.445337713
0.445337713
0.585846663
0.698455334
0.375728965
0.299728811
0.128866971
0.128866971
0.128866971
0.128866971
0.128866971
0.128866971
0.128866971
0.128866971
0.128866971
0.128866971
0.436699629
0.130766064
0.411655962
0.11592266
-2.03021979
0.0427010953
3.63096952
1.68989277
0.795837581
0.368707508
0.348230004
0.798609138
1.61786973
0.732098877
0.66246438
0.342791796
0.411655962
-0.163258523
-5.51558113
-5.04280329
-2.71085429
-3.10785723
-2.48627567
-2.7364614
-2.80708885
-1.04555142
5.97832632
3.63369012
0.813200414
0.342791796
0.411655962
0.154896855
-5.7813735
-12.9316359
-14.0828896
-10.8683395
-9.30783367
-10.1345205
-10.9891615
-7.10143661
9.95975971
6.19198132
1.3198818
0.342791796
0.411655962
0.670438409
-2.09109855
-7.98490047
-12.0833588
-11.6167593
-10.3316412
-11.0190353
-13.6624613
-7.49247599
3.9299438
3.41870856
1.49327302
0.342791796
0.411655962
0.463885635
0.183970287
-0.26145485
-1.00118268
-1.86283934
-2.93467832
-7.25660563
-8.4797802
-3.82060957
-3.07375765
-0.202213794
0.524353564
0.342791796
0.411655962
0.474261254
0.316527247
0.316527247
0.316527247
0.151979864
-1.35119653
-5.76745939
-5.2929883
-2.70325756
-1.92886341
0.405309498
0.645047963
0.342791796
0.411655962
0.474261254
0.316527247
0.316527247
0.313828081
-0.793627501
-3.60048246
-3.76811838
-2.211164
-2.70290899
-0.492245644
0.0237534046
0.659375548
0.342791796
0.411655962
0.474261254
0.316527247
0.316527247
-0.138002664
-3.46506238
-5.81100988
-2.98354173
-4.82578373
-2.22073555
0.254302472
0.314773709
0.659375548
0.342791796
0.411655962
0.474261254
0.316527247
0.184083089
-1.82733357
-6.30465746
-3.90485573
-3.15460014
-2.44015646
-0.108208746
0.138945043
0.316527247
0.659375548
0.342791796
0.411655962
0.474261254
0.316527247
0.23694998
-4.73402166
-8.88046741
-2.86877012
-1.97154582
-1.08615422
-0.140641361
0.316527247
0.316527247
0.659375548
0.342791796
0.330324352
0.363228589
0.171908289
0.183691546
-7.05085373
-16.8998528
-8.85488129
-1.43946719
0.77717793
0.112714469
0.171908289
0.171908289
0.51475662
0.352743238
0.46519202
0.902494311
0.762173057
1.12995422
-3.72642565
-13.1809759
-7.81052971
-0.199743003
1.08207631
0.762173057
0.762173057
0.762173057
1.01097476
0.803704143
-0.303629279
-0.282847583
-0.229909807
-0.229909807
-0.229909807
-0.229909807
-0.229909807
-0.229909807
-0.229909807
-0.229909807
-0.229909807
-0.229909807
-0.201119602
-0.419184059
-0.492219776
-0.656965017
-0.504279554
-0.504279554
-0.504279554
-0.504279554
-0.504279554
-0.504279554
-0.504279554
-0.504279554
-0.504279554
-0.504279554
-0.288954556
-0.481700987
-0.416940302
-0.715871453
-0.624211252
0.322056651
0.245311648
-0.0160300657
-0.296125203
-0.36803171
-0.375709683
-0.307986051
-0.395309597
-0.290529221
-0.0762650445
-0.309091032
-0.416940302
-0.628077507
-0.336228043
-0.343401372
-0.904827237
-0.0336930081
0.22023654
0.216450781
0.0592819415
0.662068129
0.593636572
-0.519615233
-0.191923022
-0.309091032
-0.416940302
0.49130702
2.83054781
-1.1365912
-3.72265363
-3.20381832
-1.69863236
-1.14358985
-0.0342271999
2.58623195
0.508572876
-1.98330116
-0.177522033
-0.309091032
-0.416940302
0.620840192
0.342800945
-2.54529023
-3.3646965
-3.07216787
-3.85996747
-4.21593714
-0.938421845
0.402043283
-6.34407187
-5.02994156
-0.639104605
-0.309091032
-0.416940302
-0.478706509
-0.454756171
-0.73655206
-1.07057071
-1.46570671
-2.17987299
-0.762809575
4.35405207
-2.51650763
-7.01995277
-4.0797987
-0.588515222
-0.309091032
-0.416940302
-0.455217689
-0.280478835
-0.280478835
-0.280478835
-0.433773428
-0.923915148
5.45089626
5.99672031
-5.87637424
-6.25760221
-2.4323051
-0.0902532116
-0.309091032
-0.416940302
-0.455217689
-0.280478835
-0.280478835
-0.285098284
-0.734478891
2.34647512
6.33747959
-2.35019922
-6.60777378
-3.8957181
-0.971760273
-0.0711857602
-0.309091032
-0.416940302
-0.455217689
-0.280478835
-0.280478835
-0.49549523
0.154093027
5.67270231
3.8156445
-5.5992527
-5.52858734
-2.07518101
-0.281662077
-0.0711857602
-0.309091032
-0.416940302
-0.455217689
-0.280478835
-0.408076584
-0.927404165
5.18581247
7.90193319
-4.61316109
-6.8575635
-3.56901789
-0.753656983
-0.280478835
-0.0711857602
-0.309091032
-0.416940302
-0.455217689
-0.280478835
-0.336470395
1.46497035
7.10343981
0.21341753
-6.8321147
-5.34347391
-1.80538666
-0.280478835
-0.280478835
-0.0711857602
-0.309091032
-0.530626416
-0.582520664
-0.40190652
-0.449761361
3.03139067
3.37485957
-5.16542292
-7.08751059
-2.88501453
-0.530204177
-0.40190652
-0.40190652
-0.192613512
-0.417929947
-0.234816641
-0.287459999
-0.141558409
0.775209069
3.95338917
-0.818134725
-5.98831844
-5.53246832
-1.85600138
-0.141558409
-0.141558409
-0.141558409
0.0492724627
-0.26700905
1.15854084
1.2016834
1.4698441
1.4698441
1.4698441
1.4698441
1.4698441
1.4698441
1.4698441
1.4698441
1.4698441
1.4698441
1.20705199
0.697268009
0.575945139
0.49109441
0.627092481
0.627092481
0.627092481
0.627092481
0.627092481
0.627092481
0.627092481
0.627092481
0.627092481
0.627092481
0.397241712
0.178861186
0.587804258
0.486765444
2.0405457
4.22180939
3.22038651
2.33569193
1.88665271
2.26063871
2.29182053
1.97974467
0.901531637
0.132043779
0.37193346
0.191397607
0.587804258
-1.1332078
-5.63570166
-7.16812468
-7.29166698
-3.22529149
-2.59924531
-2.28316975
-2.42493129
-1.40848017
-2.07560062
-2.951056
-0.163124919
0.191397607
0.587804258
-1.01879966
0.0435169563
2.15303421
2.60464835
1.4429847
-1.48488688
-3.49748087
-3.20544171
-4.28114843
-4.84681273
-4.85878801
-0.826367617
0.191397607
0.587804258
0.809068084
4.07212782
6.13524723
8.23742962
10.5070009
11.8248329
11.8981276
8.64560318
3.17524743
-1.27974796
-0.171035051
0.785543621
0.191397607
0.587804258
0.5392946
0.788173735
0.85178107
1.29635787
1.80526686
2.08910632
-0.725490391
-2.32715487
-3.13457012
-2.00591707
2.32514763
0.878169417
0.191397607
0.587804258
0.509327829
0.633773386
0.633773386
0.633773386
0.611165822
-0.5825243
-2.56870556
-2.12617636
-2.49005175
1.65046978
2.61104035
0.352780074
0.191397607
0.587804258
0.509327829
0.633773386
0.633773386
0.631171227
0.390243649
-1.56168151
-3.0565424
-3.19928074
-1.50758088
2.71663165
1.1271081
0.354083538
0.191397607
0.587804258
0.509327829
0.633773386
0.633773386
0.678896189
-1.25261462
-4.18332863
-3.37742162
-2.6208272
1.69762623
2.23630309
0.631360531
0.354083538
0.191397607
0.587804258
0.509327829
0.633773386
0.61705929
-0.135371104
-2.33775926
-2.37253714
-2.64369965
1.28016651
3.32958722
1.01111281
0.633773386
0.354083538
0.191397607
0.587804258
0.509327829
0.633773386
0.485891134
-2.6478765
-3.89464331
-3.54828334
-3.07345724
1.53036833
1.93384552
0.633773386
0.633773386
0.354083538
0.191397607
0.88668561
0.805991888
1.02608156
-0.41765511
-3.71998978
-1.47483718
0.193447292
1.64689243
2.35648537
1.0962075
1.02608156
1.02608156
0.746391773
0.485037833
0.172628909
0.143022001
0.070983842
-0.553938031
2.89441586
7.19992018
7.3890624
5.61211252
1.75435066
0.070983842
0.070983842
0.070983842
-0.135357574
-0.137434661
-0.670905113
-0.867722034
-0.849087179
-0.849087179
-0.849087179
-0.849087179
-0.849087179
-0.849087179
-0.849087179
-0.849087179
-0.849087179
-0.849087179
-0.516182482
-0.752642989
-0.355523109
-0.361999005
-0.436597347
-0.436597347
-0.436597347
-0.436597347
-0.436597347
-0.436597347
-0.436597347
-0.436597347
-0.436597347
-0.436597347
-0.117778331
-0.242910042
-0.365316004
-0.431211591
-2.48693299
-7.76095819
-6.79941416
-2.66937923
-1.26150012
-1.71766388
-1.85684466
-1.34263492
0.0736294538
0.122139737
-0.209584028
-0.433492601
-0.365316004
1.24248445
4.00915003
-2.73748994
-8.65293121
-10.2660923
-8.82994843
-8.36665249
-7.77314138
-9.5964222
-7.23569345
-1.11999893
0.209626421
-0.433492601
-0.365316004
0.662586689
3.54295993
6.11717987
7.88046694
5.30941153
3.2465868
2.53939557
3.09113455
-4.54369307
-8.70896435
-4.0627656
-0.477378726
-0.433492601
-0.365316004
-0.217501774
0.269670486
1.61052847
3.05307126
3.83667302
4.36483717
4.96549368
2.07936811
-0.941512346
-0.420808494
-0.649543107
-0.332668602
-0.433492601
-0.365316004
-0.469273746
-0.613265336
-0.352693319
-0.0413594097
0.303750217
1.29023111
2.89165044
-0.34761259
-1.44139564
-0.62430805
-0.584052265
0.194474474
-0.433492601
-0.365316004
-0.438659251
-0.514969647
-0.514969647
-0.514969647
-0.520897388
1.02028692
0.313953578
-1.84943414
0.0611427873
0.43501848
-0.131059542
-0.210191607
-0.433492601
-0.365316004
-0.438659251
-0.514969647
-0.514969647
-0.511268854
0.152183697
-0.939121425
-2.67499208
-1.72996426
-0.366244823
0.0477315038
0.0138948113
-0.216965377
-0.433492601
-0.365316004
-0.438659251
-0.514969647
-0.514969647
-0.635077536
1.3709141
-2.48521948
-3.31120706
-0.0967848748
0.417253554
-0.0313836634
-0.513392746
-0.216965377
-0.433492601
-0.365316004
-0.438659251
-0.514969647
-0.521516204
0.842182517
-1.74873376
-3.2719233
1.17385733
-0.151141793
-0.23821564
-0.130903661
-0.514969647
-0.216965377
-0.433492601
-0.365316004
-0.438659251
-0.514969647
-0.156382084
2.3020196
-1.01790202
-4.26593542
-1.33851933
0.734983563
0.377169311
-0.514969647
-0.514969647
-0.216965377
-0.433492601
-0.591778457
-0.426184624
-0.495894849
0.746443152
5.60710192
3.89456582
-0.401262373
-1.78180897
-1.00689304
-0.404513389
-0.495894849
-0.495894849
-0.197890624
-0.16155231
-0.238946706
-0.516357422
-0.480248809
-0.0885559767
2.70845008
5.07055283
2.53685594
0.729175627
0.181695715
-0.480248809
-0.480248809
-0.480248809
-0.366586477
-0.432094991
-1.08394766
-1.07061481
-0.786670268
-0.786670268
-0.786670268
-0.786670268
-0.786670268
-0.786670268
-0.786670268
-0.786670268
-0.786670268
-0.786670268
-0.493887961
0.0739145279
-1.35026348
-1.33415437
-1.04962254
-1.04962254
-1.04962254
-1.04962254
-1.04962254
-1.04962254
-1.04962254
-1.04962254
-1.04962254
-1.04962254
-0.566954195
0.0218260176
-1.10791719
-1.01713622
0.82081598
-0.44406569
-2.50977826
-3.02971745
-2.35745692
-1.68651152
-1.59075785
-1.78125048
-2.07855773
-1.51426589
-0.459800005
-0.0252214819
-1.10791719
-0.618492365
0.32315731
-4.9087491
-10.0034962
-9.90156555
-8.63739204
-7.47852564
-7.14726019
-7.00367451
-8.05361748
-5.53066158
-1.0017947
-0.0252214819
-1.10791719
-0.340431958
0.562819302
-2.34638381
-4.62155104
-7.24325466
-9.57049751
-10.2281685
-6.90848017
-6.0436182
-10.3550968
-8.21227169
-1.68031323
-0.0252214819
-1.10791719
-0.326843411
-0.452937424
-1.08891106
-0.226482511
0.683881819
0.839912772
2.6520102
7.81758022
2.40938401
-6.87023306
-5.4595046
-0.885213077
-0.0252214819
-1.10791719
-1.23892677
-1.39239645
-1.67470825
-1.72372282
-1.83381748
-1.1295073
3.41702175
5.27686977
-4.81383467
-7.99366283
-3.34947658
-0.385785043
-0.0252214819
-1.10791719
-1.13510716
-0.850338578
-0.850338578
-0.850338578
-1.01255989
1.12529016
6.82287025
1.93264997
-7.09682703
-5.56719255
-1.34212375
-0.421391338
-0.0252214819
-1.10791719
-1.13510716
-0.850338578
-0.850338578
-0.857959032
0.231953382
4.43710041
4.79451084
-5.03875399
-7.66777706
-2.77731872
-0.754852653
-0.426327705
-0.0252214819
-1.10791719
-1.13510716
-0.850338578
-0.850338578
-0.718992829
2.61449766
3.97857189
-2.27440095
-7.86056709
-5.10903358
-1.20628893
-0.848936141
-0.426327705
-0.0252214819
-1.10791719
-1.13510716
-0.850338578
-0.989973783
0.842508614
6.55087852
1.43124688
-7.32283211
-5.99668884
-2.08060169
-0.794620335
-0.850338578
-0.426327705
-0.0252214819
-1.10791719
-1.13510716
-0.850338578
-0.622944176
4.22203493
7.20866632
-4.8257246
-9.63362789
-4.36923265
-0.809086561
-0.850338578
-0.850338578
-0.426327705
-0.0252214819
-1.22419584
-1.36230731
-1.0342803
-0.524619818
4.28531742
3.01881456
-7.65450716
-8.74183178
-3.07525134
-1.01282394
-1.0342803
-1.0342803
-0.610269368
-0.185426265
-1.01756597
-1.15312326
-0.993855
-0.0725039616
2.52378249
1.096542
-1.38541424
-1.9689796
-1.06806111
-0.993855
-0.993855
-0.993855
-0.722368777
-0.342905521
-0.46811983
-0.181292415
-0.167259723
-0.167259723
-0.167259723
-0.167259723
-0.167259723
-0.167259723
-0.167259723
-0.167259723
-0.167259723
-0.167259723
-0.330692679
-0.0929220468
-0.144557536
-0.0855839774
-0.096365124
-0.096365124
-0.096365124
-0.096365124
-0.096365124
-0.096365124
-0.096365124
-0.096365124
-0.096365124
-0.096365124
-0.280641764
-0.564210117
-0.137933835
0.241012126
0.22944504
-1.40514004
-3.55774379
-3.49896669
-2.63442278
-2.22293806
-2.18862271
-2.18776274
-1.56435907
-0.520766079
-0.262673795
-0.403746396
-0.137933835
0.324476361
3.37207627
8.08771038
7.65097046
3.66941929
1.65264988
1.564569
1.93870425
0.815054178
-1.80721879
-1.42337513
-0.3360641
-0.403746396
-0.137933835
-0.905716538
-3.13579464
-0.791256011
5.36296272
9.04720497
8.76235104
8.42131805
8.44269466
8.59503078
5.13567686
0.335021257
-0.253974646
-0.403746396
-0.137933835
-0.273248196
-0.887503505
-3.26594973
-3.48369074
-1.40159106
-0.117304176
0.892360806
-0.402975291
1.79967868
2.42446041
0.355429888
0.0335896164
-0.403746396
-0.137933835
0.0189483389
0.204222918
-0.106493294
-0.152897298
-0.301253825
-0.452316225
-0.421872586
-2.04548573
-1.0711416
-2.17370224
-0.680824041
-0.224403352
-0.403746396
-0.137933835
-0.0790835246
-0.0850003809
-0.0850003809
-0.0850003809
0.0188121721
0.31953764
-1.61912692
-0.644956708
-1.57348776
-1.97837341
0.154389948
-0.262375772
-0.403746396
-0.137933835
-0.0790835246
-0.0850003809
-0.0850003809
-0.0826978981
0.795341432
-0.495428056
-1.83273697
-0.668345511
-2.17882991
-0.94319427
-0.0576400757
-0.262012362
-0.403746396
-0.137933835
-0.0790835246
-0.0850003809
-0.0850003809
0.168337405
0.0906885043
-0.615592003
-0.164526388
-1.58281302
-1.80983901
0.0388988554
-0.0842694491
-0.262012362
-0.403746396
-0.137933835
-0.0790835246
-0.0850003809
-0.000889077783
0.946763694
-0.719803393
-0.793640316
-1.42693555
-1.56993341
-0.426902562
-0.0660699829
-0.0850003809
-0.262012362
-0.403746396
-0.137933835
-0.0790835246
-0.0850003809
0.137062669
0.473896503
0.680238843
1.27654672
-2.81464648
-1.53262782
-0.0206751414
-0.0850003809
-0.0850003809
-0.262012362
-0.403746396
-0.339531898
-0.367456406
-0.360935867
-0.544216335
-0.515891314
2.014889
1.44499826
-1.89842021
-0.221217692
-0.355709612
-0.360935867
-0.360935867
-0.537947893
-0.662069499
0.35177961
0.377983749
0.355703056
-0.352389604
-3.40882707
-3.1438272
-0.425105155
0.602205336
0.845065117
0.355703056
0.355703056
0.355703056
0.167286277
-0.202026099
-0.190845281
-0.27425018
-0.321471274
-0.321471274
-0.321471274
-0.321471274
-0.321471274
-0.321471274
-0.321471274
-0.321471274
-0.321471274
-0.321471274
-0.438610196
-0.735977709
-0.0644912422
-0.50066632
-0.525992453
-0.525992453
-0.525992453
-0.525992453
-0.525992453
-0.525992453
-0.525992453
-0.525992453
-0.525992453
-0.525992453
-0.613642335
-0.88719511
-0.0446271896
-0.770386219
-1.03012526
1.4352771
1.94497001
1.10955632
0.397829086
0.0693947673
0.0398566723
0.113718301
-0.0156686902
-0.206621215
-0.332597107
-0.636554182
-0.0446271896
0.161526233
5.11072254
7.76166296
9.21909809
8.04787159
7.24363565
6.76160097
6.75939226
5.56443787
3.66861916
1.01348054
-0.223546162
-0.636554182
-0.0446271896
1.04164183
1.94287479
0.233292013
4.83087969
6.70926332
7.70817232
6.97527885
5.59687376
6.99577665
4.70144367
1.69293487
0.053639859
-0.636554182
-0.0446271896
-0.214216873
-1.55762827
-2.8167851
-4.29080296
-4.8000536
-3.55126715
-3.73159504
-0.681383967
0.55154407
0.299811035
1.28672135
-0.203210741
-0.636554182
-0.0446271896
-0.301739693
-0.411464423
-0.698527336
-1.52784622
-2.31373835
-3.66205859
-1.26390266
1.28130782
-2.84649467
-0.786188722
-1.41600752
-0.798093796
-0.636554182
-0.0446271896
-0.262987316
-0.275324613
-0.275324613
-0.275324613
-0.200592712
-0.353460878
2.6663959
0.237851471
-0.157895446
-0.397005647
-1.66892862
-0.360634416
-0.636554182
-0.0446271896
-0.262987316
-0.275324613
-0.275324613
-0.268313915
-1.13408804
2.44991231
3.88434505
-0.967838526
0.525866747
-1.59929633
-1.04533195
-0.332140326
-0.636554182
-0.0446271896
-0.262987316
-0.275324613
-0.275324613
-0.656471014
1.29486978
6.03698635
1.06193316
-0.000694900751
-0.402799606
-1.51993859
-0.280824602
-0.332140326
-0.636554182
-0.0446271896
-0.262987316
-0.275324613
-0.207276076
-0.52730763
3.30380058
2.21608829
-0.877037168
-0.148666859
-1.72865355
-0.775167942
-0.275324613
-0.332140326
-0.636554182
-0.0446271896
-0.262987316
-0.275324613
-0.743998766
1.86836374
4.08271837
0.616996527
0.841368318
-1.64876378
-1.6580714
-0.275324613
-0.275324613
-0.332140326
-0.636554182
0.035718441
-0.125777602
-0.158579454
0.263514072
3.50031376
1.5964601
1.21739793
0.633069277
-1.13702774
-0.313854128
-0.158579454
-0.158579454
-0.215395182
-0.547208905
0.102498293
-0.0841945112
-0.0693774819
0.474163979
-0.427850187
-4.86092234
-2.67723632
-1.96010888
-1.20204604
-0.0693774819
-0.0693774819
-0.0693774819
0.0820699632
-0.411713243
-0.589269876
-0.372013927
-0.595892191
-0.595892191
-0.595892191
-0.595892191
-0.595892191
-0.595892191
-0.595892191
-0.595892191
-0.595892191
-0.595892191
-0.677219927
-0.392259955
-0.577143312
-0.487564147
-0.582188785
-0.582188785
-0.582188785
-0.582188785
-0.582188785
-0.582188785
-0.582188785
-0.582188785
-0.582188785
-0.582188785
-0.549798489
-0.201675117
-0.637213945
-0.525919318
0.703762412
3.57920623
5.56494522
3.6890893
2.27690434
1.94962168
1.90121365
1.58167458
0.697397768
-0.148528993
-0.525588751
-0.165425688
-0.637213945
-0.729429722
-3.11869216
-3.70050383
4.97062969
10.5120106
10.9675512
9.29100323
8.45191193
8.16796398
7.4032445
3.15862346
-0.252436608
-0.165425688
-0.637213945
-1.48164904
-5.46423149
-11.2281265
-14.2889929
-10.3156452
-5.69393301
-4.15939856
-3.02561522
0.750301242
3.84352946
5.08224678
0.810897946
-0.165425688
-0.637213945
-0.0342944786
1.95324492
0.451696754
-5.55222559
-8.12643242
-9.6214838
-9.52544117
-8.64901543
-9.24315357
-7.76334524
-2.05518389
-0.700607955
-0.165425688
-0.637213945
-0.407026947
-0.307590008
-0.242291003
-0.375404686
-0.156208068
-0.350513697
-0.284071445
-1.53394639
-1.90521252
-2.28294349
-1.51022577
-1.12457323
-0.165425688
-0.637213945
-0.481531441
-0.553006768
-0.553006768
-0.553006768
-0.724365711
-0.792876184
-1.19805717
-0.125602424
-0.479308426
-1.8053416
-2.23173261
-0.551871955
-0.165425688
-0.637213945
-0.481531441
-0.553006768
-0.553006768
-0.563037336
-0.553112745
-0.000268511474
0.924296498
-0.792802155
-2.48715639
-1.91276777
-1.28092837
-0.536552012
-0.165425688
-0.637213945
-0.481531441
-0.553006768
-0.553006768
-0.574863315
-0.0588687137
-1.80348945
-1.01850092
0.547314703
-1.36002147
-2.04550481
-0.553006113
-0.536552012
-0.165425688
-0.637213945
-0.481531441
-0.553006768
-0.694013774
-0.320654184
0.351581484
0.643710077
-0.434844196
-1.49533236
-2.27495337
-1.06322825
-0.553006768
-0.536552012
-0.165425688
-0.637213945
-0.481531441
-0.553006768
-0.50735718
-0.45767349
-0.343120545
0.350436836
-0.00140289962
-1.05135119
-2.11599231
-0.553006768
-0.553006768
-0.536552012
-0.165425688
-0.382938445
-0.205926806
-0.302508831
-0.732042253
-3.94581866
-6.11398315
-3.53949833
-0.478608549
-0.484016776
-0.430009007
-0.302508831
-0.302508831
-0.286054075
-0.049283497
0.0813839287
0.467008471
0.457742751
0.196500361
0.118397668
-1.29005957
-5.24264193
-3.11195517
-1.17073572
0.457742751
0.457742751
0.457742751
0.518655956
0.517279625
-1.50429618
-1.9662236
-1.82286417
-1.82286417
-1.82286417
-1.82286417
-1.82286417
-1.82286417
-1.82286417
-1.82286417
-1.82286417
-1.82286417
-1.94154751
-1.12710893
-1.05185497
-1.38732672
-1.26580513
-1.26580513
-1.26580513
-1.26580513
-1.26580513
-1.26580513
-1.26580513
-1.26580513
-1.26580513
-1.26580513
-1.42868233
-0.905666769
-1.00570059
-1.16635466
-0.603399754
0.163972259
-1.21443713
-1.57355523
-1.64283967
-1.27333379
-1.18632448
-1.59895027
-2.20803237
-1.81497729
-1.41419184
-0.854047239
-1.00570059
-1.94055247
-2.01534438
-0.152030915
-0.256229281
-0.438200951
-1.01392031
-0.473379284
-0.513659298
-0.786054969
-3.0414691
-3.36941838
-1.73624778
-0.854047239
-1.00570059
-1.67055357
-2.52868271
-2.28044367
-1.17958403
-0.0201982632
-1.21871805
-1.34828496
-2.21710515
0.806699038
-0.675052404
-2.71500468
-2.11655283
-0.854047239
-1.00570059
-1.40491247
-1.68626451
-2.27880979
-1.82144248
-1.46152496
-1.38096619
-1.95059717
-1.18437564
2.91066146
2.23791599
-1.0769887
-1.53571963
-0.854047239
-1.00570059
-1.31018364
-1.12108493
-1.17960536
-0.980293512
-0.760234773
-0.786401927
-0.93575561
1.19950962
3.52433372
0.804278553
-0.984332681
-1.21784687
-0.854047239
-1.00570059
-1.38017058
-1.26739395
-1.26739395
-1.26739395
-1.22371686
-1.69852471
-1.3487519
3.0446353
1.57740843
-0.824343503
-0.892569005
-1.38119042
-0.854047239
-1.00570059
-1.38017058
-1.26739395
-1.26739395
-1.27011514
-1.403139
-2.33268094
-0.0671500564
2.7174387
0.409520447
-0.994415224
-1.01271594
-1.38971412
-0.854047239
-1.00570059
-1.38017058
-1.26739395
-1.26739395
-1.01316488
-2.13947964
-0.483851284
1.41012621
1.09048665
-0.930671513
-0.910947382
-1.26683247
-1.38971412
-0.854047239
-1.00570059
-1.38017058
-1.26739395
-1.23190367
-1.4858228
-0.642409682
1.95171916
0.827918172
-0.0391470939
-0.873940885
-1.08881438
-1.26739395
-1.38971412
-0.854047239
-1.00570059
-1.38017058
-1.26739395
-1.42348874
-1.69201565
2.44115138
5.06260061
0.673649609
-1.23226714
-0.813185155
-1.26739395
-1.26739395
-1.38971412
-0.854047239
-0.878555834
-1.41731787
-1.30272603
-1.72165537
-1.90740669
2.50091815
3.1841886
-0.354280353
-1.6115998
-1.2502799
-1.30272603
-1.30272603
-1.42504609
-1.07600164
-0.541331232
-1.00332272
-0.968032479
-1.07971179
-1.90917695
0.431216776
1.51496351
-0.208286762
-0.638958156
-0.968032479
-0.968032479
-0.968032479
-0.982923746
-0.761382282
-0.125070617
0.278177232
0.296260387
0.296260387
0.296260387
0.296260387
0.296260387
0.296260387
0.296260387
0.296260387
0.296260387
0.296260387
0.340297312
0.239627272
-0.18476516
0.111595809
0.165668458
0.165668458
0.165668458
0.165668458
0.165668458
0.165668458
0.165668458
0.165668458
0.165668458
0.165668458
0.321593672
0.290081292
-0.262632221
-0.70365423
-2.04710221
-2.23332882
-1.17257047
-0.730140686
-0.748512924
-0.886188865
-0.928726673
-0.62749958
-0.0958355069
0.179415107
0.217400432
0.161294132
-0.262632221
-0.577724576
-1.62337053
0.173661202
1.85009372
0.0769796669
-0.30384472
-0.603363514
-0.892005801
0.574311733
2.94799042
1.91309917
0.346789747
0.161294132
-0.262632221
0.367459327
2.276757
3.3080554
1.39244831
0.40407601
1.86824119
2.35923481
1.88367164
3.81978989
5.39356709
1.77187335
0.279983491
0.161294132
-0.262632221
0.671406865
1.83325803
2.64468646
1.81502616
1.82325542
1.8282572
0.272320122
1.83886778
7.39819098
4.38483429
-1.77197623
-0.112037003
0.161294132
-0.262632221
-0.0116747022
0.118121386
0.341783673
0.629336596
1.07281506
0.495650619
-0.479768872
5.56392193
10.2039213
1.95199335
-2.23127675
-0.0746952891
0.161294132
-0.262632221
-0.0123908818
0.0564652383
0.0564652383
0.0564652383
-0.144896328
-1.71747887
2.14858341
10.0886526
5.9119544
-1.25514305
-1.06774926
0.175389022
0.161294132
-0.262632221
-0.0123908818
0.0564652383
0.0564652383
0.054462105
-1.36620915
-1.11393225
5.89212275
9.67237949
2.19564533
-2.23705149
-0.256871521
0.182477832
0.161294132
-0.262632221
-0.0123908818
0.0564652383
0.0564652383
-0.537113905
-2.16164184
2.56936312
11.3129549
6.31354284
-1.25789726
-0.839166284
0.0578909814
0.182477832
0.161294132
-0.262632221
-0.0123908818
0.0564652383
-0.109660044
-1.99121726
0.946183681
9.27487183
8.05525494
0.861157537
-2.10240173
-0.193149224
0.0564652383
0.182477832
0.161294132
-0.262632221
-0.0123908818
0.0564652383
-0.351152509
-1.55848777
4.31428862
10.0826683
3.94547415
-1.97816479
-0.574917436
0.0564652383
0.0564652383
0.182477832
0.161294132
-0.469008982
-0.264905363
-0.196217731
-0.301059932
1.06328058
7.00890017
7.14055395
-0.06722866
-1.30187714
-0.262430131
-0.196217731
-0.196217731
-0.0702050924
-0.0240473151
-0.434328347
-0.278331578
-0.130489781
0.315762907
3.26522422
5.20944738
1.59904647
-2.96954513
-0.808091998
-0.130489781
-0.130489781
-0.130489781
-0.0303140581
-0.0183182359
-0.553500533
-0.76781249
-0.699424982
-0.699424982
-0.699424982
-0.699424982
-0.699424982
-0.699424982
-0.699424982
-0.699424982
-0.699424982
-0.699424982
-0.585547805
-0.532332897
-0.454388767
-0.51751554
-0.329954326
-0.329954326
-0.329954326
-0.329954326
-0.329954326
-0.329954326
-0.329954326
-0.329954326
-0.329954326
-0.329954326
-0.142515212
-0.265325665
-0.45403555
0.0873674154
1.11496556
-0.547558546
-2.26150131
-1.86405575
-1.51746285
-1.23721766
-1.23523211
-1.55359817
-1.70207191
-0.678206444
-0.190131336
-0.282810807
-0.45403555
0.0195585936
0.413222462
0.388718575
0.765860438
0.351318449
0.135575116
0.0462226421
0.0820739418
-0.240075916
-2.55473113
-1.69766426
-0.211233258
-0.282810807
-0.45403555
-0.186403811
0.715162039
0.531069756
-2.80694818
-4.33259583
-3.76156473
-1.8463074
-1.13146353
-0.670691609
-4.17436886
-3.18689823
-0.522962451
-0.282810807
-0.45403555
-0.0788578093
0.801254869
-0.382920265
-0.635842562
-1.64648604
-3.77370071
-3.50279284
-3.27766466
-3.29762864
-4.30516672
-5.30614471
-1.25318432
-0.282810807
-0.45403555
-0.516916394
-0.18887715
-0.194813341
0.0570994318
0.197589457
0.79904139
1.66993642
1.89678872
2.38595033
-0.945356488
-2.817137
-0.45044902
-0.282810807
-0.45403555
-0.601964712
-0.415381342
-0.415381342
-0.415381342
-0.307267427
0.58955431
1.48067689
3.07072926
-0.730325937
-3.23279166
-1.87786639
-0.196206272
-0.282810807
-0.45403555
-0.601964712
-0.415381342
-0.415381342
-0.417899489
0.730513453
0.493685216
1.02337122
1.82261825
-1.88193285
-2.71287656
-0.556783319
-0.205545396
-0.282810807
-0.45403555
-0.601964712
-0.415381342
-0.415381342
0.223902583
0.497148901
0.534751296
2.62648249
0.317462921
-2.79711151
-1.48120046
-0.412902534
-0.205545396
-0.282810807
-0.45403555
-0.601964712
-0.415381342
-0.335435212
0.746038437
1.67133546
1.57725048
-0.467544138
-3.14354992
-2.63275361
-0.552074552
-0.415381342
-0.205545396
-0.282810807
-0.45403555
-0.601964712
-0.415381342
0.106300429
0.880717158
3.22472477
2.51743197
-2.51459336
-2.96918941
-0.968634248
-0.415381342
-0.415381342
-0.205545396
-0.282810807
-0.445012242
-0.633208871
-0.430206478
-0.123437032
0.684571266
4.6647706
1.93294275
-3.47731161
-2.46866107
-0.440259933
-0.430206478
-0.430206478
-0.220370516
-0.470682949
-0.213773668
-0.557769895
-0.355865121
0.0383774489
1.01976919
2.79495668
-0.573595941
-4.14699888
-1.69569421
-0.355865121
-0.355865121
-0.355865121
-0.218360901
-0.37732321
0.152415872
0.280706078
0.287904233
0.287904233
0.287904233
0.287904233
0.287904233
0.287904233
0.287904233
0.287904233
0.287904233
0.287904233
0.223767549
-0.0161908269
0.0895617008
0.149672866
0.182665616
0.182665616
0.182665616
0.182665616
0.182665616
0.182665616
0.182665616
0.182665616
0.182665616
0.182665616
0.201114684
-0.0514405668
0.0595110059
-0.26588425
-2.93642426
-3.6835649
-4.27114439
-3.64375448
-3.0120275
-2.55004406
-2.49436903
-2.00638247
-0.885957122
-0.278285056
0.169542938
-0.138378024
0.0595110059
-0.268774569
-0.101285592
0.626852155
0.149845779
-1.4956193
-2.9130795
-3.54036474
-3.66938591
-3.79896069
-1.35184824
-0.49564898
0.0222728848
-0.138378024
0.0595110059
0.807500958
3.22806931
2.98908138
3.96196461
4.04979134
4.52723694
4.69654465
1.94231689
1.15961397
0.893485069
0.332373828
0.280834526
-0.138378024
0.0595110059
0.776855826
1.55677485
1.47720873
3.16867089
3.2158165
2.99295402
0.761934638
-0.358382285
1.05600333
0.647099495
0.820939183
0.0551779866
-0.138378024
0.0595110059
0.118502557
0.13113603
0.221730202
0.361168593
0.402765065
0.0642206967
-1.85461593
1.12446785
1.36341155
1.96311772
1.2117734
0.132748157
-0.138378024
0.0595110059
0.123146236
0.151524842
0.151524842
0.151524842
0.182723254
-1.81924284
-0.938904166
1.28407454
0.661880374
1.85820067
0.196728081
0.161764771
-0.138378024
0.0595110059
0.123146236
0.151524842
0.151524842
0.157094777
-1.47836816
-2.59505939
0.626085281
0.947160602
1.64630151
1.14411783
0.107867628
0.162026316
-0.138378024
0.0595110059
0.123146236
0.151524842
0.151524842
-0.278014511
-2.61553717
0.0453457832
2.03940058
1.14568973
1.96462929
0.174791098
0.150595397
0.162026316
-0.138378024
0.0595110059
0.123146236
0.151524842
0.183655828
-2.04012775
-2.56587577
0.717733264
1.03166723
1.91787517
0.852997422
0.120473146
0.151524842
0.162026316
-0.138378024
0.0595110059
0.123146236
0.151524842
-0.305430174
-2.17324638
-0.628377557
0.467497081
1.17592061
1.61832798
0.112235934
0.151524842
0.151524842
0.162026316
-0.138378024
-0.147748917
-0.13859421
-0.108738586
-0.215492561
2.16262627
3.72680616
3.15938616
2.99140549
0.49886921
-0.117009893
-0.108738586
-0.108738586
-0.0982371122
-0.295731187
-0.204373986
-0.270922154
-0.272434443
0.207174689
2.71044421
2.05137849
1.3640635
1.03103471
-0.442255199
-0.272434443
-0.272434443
-0.272434443
-0.163346022
-0.350263596
-0.400085062
-0.26022625
-0.31445381
-0.31445381
-0.31445381
-0.31445381
-0.31445381
-0.31445381
-0.31445381
-0.31445381
-0.31445381
-0.31445381
0.0199332088
0.00101104379
-0.246453494
0.0291634053
-0.142995328
-0.142995328
-0.142995328
-0.142995328
-0.142995328
-0.142995328
-0.142995328
-0.142995328
-0.142995328
-0.142995328
0.083162725
-0.375420958
-0.182348877
1.01922548
3.61930013
3.63406396
1.44219542
1.93031704
1.83521104
1.75331688
1.72945654
1.41673326
0.577134967
0.0217712224
0.284144759
-0.0832687318
-0.182348877
2.00716853
5.39949942
0.953261614
-2.44190383
-0.470883042
0.996882439
1.5930723
1.91483951
1.3803668
-1.18217957
-0.831303954
0.388623416
-0.0832687318
-0.182348877
1.10571122
-0.857100606
-7.29163694
-4.27958393
-1.97277665
-1.24907243
-1.36651421
1.56782246
-0.983030558
-6.68058825
-1.54743087
0.366663754
-0.0832687318
-0.182348877
-0.232344329
-3.26358056
-8.06372833
-8.26314259
-9.2587862
-8.26117611
-5.01120615
0.056289129
-9.62909985
-9.70456696
0.863385081
0.91236341
-0.0832687318
-0.182348877
0.219906747
0.0404642448
-0.402103037
-0.688883424
-1.79334843
-1.59075725
4.54369354
-0.837703824
-15.7890501
-9.00811958
0.741658092
0.707277656
-0.0832687318
-0.182348877
0.179122329
0.00439970195
0.00439970195
0.00439970195
0.170722976
4.08948421
6.83154011
-9.63678932
-14.2408133
-2.42595339
1.23063123
0.281982332
-0.0832687318
-0.182348877
0.179122329
0.00439970195
0.00439970195
0.00548239052
2.46244645
7.80004072
-0.619987607
-14.6838722
-7.96512175
0.532813787
0.402000487
0.286149859
-0.0832687318
-0.182348877
0.179122329
0.00439970195
0.00439970195
0.773793936
6.6233983
4.68431091
-11.5086107
-12.9213877
-1.59178674
1.07448411
0.00264017284
0.286149859
-0.0832687318
-0.182348877
0.179122329
0.00439970195
0.134393871
3.71240211
7.78639936
-6.54898167
-14.9301262
-6.24541998
0.713011861
0.326324612
0.00439970195
0.286149859
-0.0832687318
-0.182348877
0.179122329
0.00439970195
0.767283559
6.79201365
2.13661289
-14.8074303
-10.9102993
-1.04121625
0.904209375
0.00439970195
0.00439970195
0.286149859
-0.0832687318
-0.0692634135
0.374906123
0.207115248
1.49570286
5.17858267
-6.7212162
-15.1926107
-4.19987345
1.37741983
0.264793605
0.207115248
0.207115248
0.488865376
0.104774028
-0.359139353
0.0566796437
-0.110884696
0.077923581
-1.88078308
-12.2476158
-10.2517834
-0.729745984
1.07318914
-0.110884696
-0.110884696
-0.110884696
0.0158060789
-0.277925879
0.283979654
0.572720945
0.542648315
0.542648315
0.542648315
0.542648315
0.542648315
0.542648315
0.542648315
0.542648315
0.542648315
0.542648315
0.577626288
0.795495749
0.148110285
0.504373312
0.417114079
0.417114079
0.417114079
0.417114079
0.417114079
0.417114079
0.417114079
0.417114079
0.417114079
0.417114079
0.496189266
0.695690393
0.157317013
0.969135284
2.53533292
0.991310894
-2.789186
-1.35955524
-0.976408541
-0.257115662
-0.147136688
-0.373219848
-0.801392019
-0.237247735
0.482555896
0.709126413
0.157317013
0.760015845
0.234192595
-6.25860786
-6.37343979
-3.56550598
-4.18774271
-5.026649
-5.07895231
-5.17950726
-4.68026257
-1.55502391
0.370026022
0.709126413
0.157317013
-0.534799159
-3.8842783
-5.75285578
-5.28391266
-7.5425849
-8.39146233
-7.39622259
-6.41910601
-7.29644537
-8.58093262
1.16937232
0.832630634
0.709126413
0.157317013
0.0981526002
0.442430943
0.79339087
-1.47374511
-4.38729858
-4.61040354
-3.36766958
-3.43410945
-10.5657053
-2.97544527
4.60584354
0.786693454
0.709126413
0.157317013
0.531317592
0.531850815
0.551781118
0.586413085
0.60323894
1.22303367
1.95222759
-4.73801708
-6.79599714
7.17256594
4.70014763
0.772215903
0.709126413
0.157317013
0.509611964
0.410889685
0.410889685
0.410889685
0.519242883
1.43783259
-1.10137749
-8.49770451
0.795278728
7.78881359
1.66055059
0.50846684
0.709126413
0.157317013
0.509611964
0.410889685
0.410889685
0.411639661
1.43278551
1.12111473
-7.24315119
-6.22368956
7.3206296
4.0791831
0.654426038
0.508993745
0.709126413
0.157317013
0.509611964
0.410889685
0.410889685
0.850210488
1.63096261
-4.42883682
-11.0787773
4.31738997
7.89416647
1.46916938
0.40878287
0.508993745
0.709126413
0.157317013
0.509611964
0.410889685
0.49522534
1.55816531
-0.978892028
-10.6590614
-3.55070138
7.57092762
3.15825295
0.598477006
0.410889685
0.508993745
0.709126413
0.157317013
0.509611964
0.410889685
0.733422399
0.671165824
-6.87448502
-9.36177731
5.09727812
5.68482971
1.14603519
0.410889685
0.410889685
0.508993745
0.709126413
0.302966535
0.583972394
0.45204708
0.407793105
-1.77797413
-7.42091513
0.310095966
9.83453274
3.01094508
0.484378397
0.45204708
0.45204708
0.55015111
0.685322464
-0.132801548
-0.329111665
-0.452643871
-0.957000673
-2.59916687
-1.43106318
3.79988384
3.76646304
0.232587487
-0.452643871
-0.452643871
-0.452643871
-0.415163517
-0.269099534
-1.01536441
-0.539258718
-0.386093438
-0.386093438
-0.386093438
-0.386093438
-0.386093438
-0.386093438
-0.386093438
-0.386093438
-0.386093438
-0.386093438
-0.603540421
0.424594641
-0.838619769
-0.467933208
-0.359855831
-0.359855831
-0.359855831
-0.359855831
-0.359855831
-0.359855831
-0.359855831
-0.359855831
-0.359855831
-0.359855831
-0.720025063
0.147645652
-0.838891208
-2.22770309
-4.46363211
-4.78000736
-6.2967205
-6.22785473
-5.18277693
-4.49933481
-4.41186571
-3.88019109
-2.68707037
-1.19772959
-0.728162289
0.171683058
-0.838891208
-2.93000507
-5.98626757
-4.17775154
-6.03474951
-9.18783569
-9.8208952
-9.14447975
-9.68851471
-7.45472336
-4.9701643
-2.83301139
-1.02783895
0.171683058
-0.838891208
-2.32917476
-5.17387009
-1.62251365
0.0439723842
-2.7883997
-3.75643134
-5.64347506
-6.07007313
-0.884661615
-0.803271592
-1.98628891
-1.18470788
0.171683058
-0.838891208
-1.31001592
-1.291798
1.54326844
1.10371995
-0.104321651
1.19547737
-1.87279093
0.0865249336
3.62635636
1.71566534
-0.433222085
-0.644536138
0.171683058
-0.838891208
-0.488233119
-0.379773051
-0.296898007
-0.0843999535
0.0104380064
-1.72142255
-5.24145269
-2.09578681
1.64611518
0.489052922
-1.1968677
-0.639333665
0.171683058
-0.838891208
-0.459504873
-0.343044341
-0.343044341
-0.343044341
-0.86898458
-4.36474991
-4.33253145
-0.0943567306
2.71152735
-0.0236932114
-0.305144399
-0.728819132
0.171683058
-0.838891208
-0.459504873
-0.343044341
-0.343044341
-0.350403309
-3.66356039
-6.28661728
-2.6005652
2.42547202
1.22741568
-1.1904074
-0.260123044
-0.727080166
0.171683058
-0.838891208
-0.459504873
-0.343044341
-0.343044341
-1.93532717
-6.04741192
-4.43869495
-0.833577156
2.66827869
-0.0304162055
-0.413028836
-0.342047185
-0.727080166
0.171683058
-0.838891208
-0.459504873
-0.343044341
-0.765356481
-4.51883173
-4.95420647
-2.55861759
2.4294076
1.35604239
-0.805745721
-0.279013306
-0.343044341
-0.727080166
0.171683058
-0.838891208
-0.459504873
-0.343044341
-1.78643036
-5.37871647
-1.85136747
1.77272391
0.129030272
-1.72457528
-0.249069408
-0.343044341
-0.343044341
-0.727080166
0.171683058
-1.37208426
-1.14668548
-1.01520419
-2.36977196
-5.63929749
-1.03806007
3.0135169
-0.642359018
-1.41938233
-1.00241005
-1.01520419
-1.01520419
-1.39924002
-0.292441607
-0.636250198
-0.511560023
-0.427500606
-1.44705641
-3.09873652
1.87595546
4.31851149
0.184080839
0.0625627935
-0.427500606
-0.427500606
-0.427500606
-0.690874219
-0.0597919188
0.753347933
0.831287801
0.826025844
0.826025844
0.826025844
0.826025844
0.826025844
0.826025844
0.826025844
0.826025844
0.826025844
0.826025844
0.657663286
0.294178784
-0.128147438
-0.557823122
-0.53463763
-0.53463763
-0.53463763
-0.53463763
-0.53463763
-0.53463763
-0.53463763
-0.53463763
-0.53463763
-0.53463763
-0.780882895
-0.882580161
0.158075586
-0.885047734
-2.92040324
-5.77373266
-7.0950489
-5.7748518
-4.47723675
-4.01989031
-3.91829419
-3.38456273
-1.90657318
-0.701093018
-0.347222358
-0.544894576
0.158075586
-0.210990235
1.99768877
2.90404892
0.239556327
-2.72473168
-4.45293808
-5.00627279
-4.61955404
-4.86996841
-3.99502587
-1.61546814
-0.645969272
-0.544894576
0.158075586
-0.23666203
1.22335732
4.86983681
9.33661747
10.3309345
9.93035889
8.93110085
8.72967529
6.08521795
2.5661633
0.803337336
-0.245860785
-0.544894576
0.158075586
-0.286837637
-1.70676064
-1.32346237
0.753188014
2.35475397
3.7527101
3.56626844
2.71424937
-0.249521375
-0.51878345
-0.323932171
-0.0713449344
-0.544894576
0.158075586
-0.199919075
-0.587813795
-1.16809952
-1.80909646
-2.54138327
-3.63363576
-4.20951414
-4.97681999
-5.34872866
-1.66650653
-1.18944168
-0.559086025
-0.544894576
0.158075586
-0.0841015279
-0.0563585982
-0.0563585982
-0.0563585982
-0.174420998
-0.898415208
-1.19644272
-3.552526
-1.64035666
-0.158311054
-0.36845696
-0.334287703
-0.544894576
0.158075586
-0.0841015279
-0.0563585982
-0.0563585982
-0.0514905006
-0.695962489
-1.43346834
-3.32137275
-3.37319207
-1.34894896
-1.41270423
-0.551419497
-0.314002633
-0.544894576
0.158075586
-0.0841015279
-0.0563585982
-0.0563585982
-0.817159474
-1.28977513
-0.693984032
-2.4833715
-2.08669257
-0.629931569
-0.428636372
-0.0614033937
-0.314002633
-0.544894576
0.158075586
-0.0841015279
-0.0563585982
-0.146535009
-0.744096577
-1.39918053
-2.9827342
-1.23018026
0.2637043
-0.727228761
-0.364170134
-0.0563585982
-0.314002633
-0.544894576
0.158075586
-0.0841015279
-0.0563585982
-0.509141922
-0.0287456363
-1.46250761
-3.87523913
-1.60450649
-2.44864035
-0.813641906
-0.0563585982
-0.0563585982
-0.314002633
-0.544894576
-0.335034966
-0.698016644
-0.669879317
-0.909831524
1.53077626
0.336514771
-1.35934186
-0.817342579
-1.10235941
-0.769840181
-0.669879317
-0.669879317
-0.927523494
-0.883795202
0.243085101
0.305787921
0.249885723
-0.136786595
-0.0904200971
0.46157831
2.44248652
0.465203822
-0.0779405087
0.249885723
0.249885723
0.249885723
0.0108617991
-0.142220959
