0.479761153
0.587074876
0.445337713
0.445337713
0.445337713
0.445337713
0.445337713
0.445337713
0.445337713
0.445337713
0.445337713
0.445337713
0.585846663
0.698455334
0.375728965
0.299728811
0.128866971
0.128866971
0.128866971
0.128866971
0.128866971
0.128866971
0.128866971
0.128866971
0.128866971
0.128866971
0.436699629
0.130766064
0.411655962
0.11592266
0
0.0427010953
3.63096952
1.68989277
0.795837581
0.368707508
0.348230004
0.798609138
1.61786973
0.732098877
0.66246438
0.342791796
0.411655962
0
0
0
0
0
0
0
0
0
5.97832632
3.63369012
0.813200414
0.342791796
0.411655962
0.154896855
0
0
0
0
0
0
0
0
9.95975971
6.19198132
1.3198818
0.342791796
0.411655962
0.670438409
0
0
0
0
0
0
0
0
3.9299438
3.41870856
1.49327302
0.342791796
0.411655962
0.463885635
0.183970287
0
0
0
0
0
0
0
0
0
0.524353564
0.342791796
0.411655962
0.474261254
0.316527247
0.316527247
0.316527247
0.151979864
0
0
0
0
0
0.405309498
0.645047963
0.342791796
0.411655962
0.474261254
0.316527247
0.316527247
0.313828081
0
0
0
0
0
0
0.0237534046
0.659375548
0.342791796
0.411655962
0.474261254
0.316527247
0.316527247
0
0
0
0
0
0
0.254302472
0.314773709
0.659375548
0.342791796
0.411655962
0.474261254
0.316527247
0.184083089
0
0
0
0
0
0
0.138945043
0.316527247
0.659375548
0.342791796
0.411655962
0.474261254
0.316527247
0.23694998
0
0
0
0
0
0
0.316527247
0.316527247
0.659375548
0.342791796
0.330324352
0.363228589
0.171908289
0.183691546
0
0
0
0
0.77717793
0.112714469
0.171908289
0.171908289
0.51475662
0.352743238
0.46519202
0.902494311
0.762173057
1.12995422
0
0
0
0
1.08207631
0.762173057
0.762173057
0.762173057
1.01097476
0.803704143
0
0
0
0
0
0
0
0
0
0
0
0
0
0
0
0
0
0
0
0
0
0
0
0
0
0
0
0
0
0
0
0.322056651
0.245311648
0
0
0
0
0
0
0
0
0
0
0
0
0
0
0
0.22023654
0.216450781
0.0592819415
0.662068129
0.593636572
0
0
0
0
0.49130702
2.83054781
0
0
0
0
0
0
2.58623195
0.508572876
0
0
0
0
0.620840192
0.342800945
0
0
0
0
0
0
0.402043283
0
0
0
0
0
0
0
0
0
0
0
0
4.35405207
0
0
0
0
0
0
0
0
0
0
0
0
5.45089626
5.99672031
0
0
0
0
0
0
0
0
0
0
0
2.34647512
6.33747959
0
0
0
0
0
0
0
0
0
0
0
0.154093027
5.67270231
3.8156445
0
0
0
0
0
0
0
0
0
0
0
5.18581247
7.90193319
0
0
0
0
0
0
0
0
0
0
0
1.46497035
7.10343981
0.21341753
0
0
0
0
0
0
0
0
0
0
0
3.03139067
3.37485957
0
0
0
0
0
0
0
0
0
0
0
0.775209069
3.95338917
0
0
0
0
0
0
0
0.0492724627
0
1.15854084
1.2016834
1.4698441
1.4698441
1.4698441
1.4698441
1.4698441
1.4698441
1.4698441
1.4698441
1.4698441
1.4698441
1.20705199
0.697268009
0.575945139
0.49109441
0.627092481
0.627092481
0.627092481
0.627092481
0.627092481
0.627092481
0.627092481
0.627092481
0.627092481
0.627092481
0.397241712
0.178861186
0.587804258
0.486765444
2.0405457
4.22180939
3.22038651
2.33569193
1.88665271
2.26063871
2.29182053
1.97974467
0.901531637
0.132043779
0.37193346
0.191397607
0.587804258
0
0
0
0
0
0
0
0
0
0
0
0
0.191397607
0.587804258
0
0.0435169563
2.15303421
2.60464835
1.4429847
0
0
0
0
0
0
0
0.191397607
0.587804258
0.809068084
4.07212782
6.13524723
8.23742962
10.5070009
11.8248329
11.8981276
8.64560318
3.17524743
0
0
0.785543621
0.191397607
0.587804258
0.5392946
0.788173735
0.85178107
1.29635787
1.80526686
2.08910632
0
0
0
0
2.32514763
0.878169417
0.191397607
0.587804258
0.509327829
0.633773386
0.633773386
0.633773386
0.611165822
0
0
0
0
1.65046978
2.61104035
0.352780074
0.191397607
0.587804258
0.509327829
0.633773386
0.633773386
0.631171227
0.390243649
0
0
0
0
2.71663165
1.1271081
0.354083538
0.191397607
0.587804258
0.509327829
0.633773386
0.633773386
0.678896189
0
0
0
0
1.69762623
2.23630309
0.631360531
0.354083538
0.191397607
0.587804258
0.509327829
0.633773386
0.61705929
0
0
0
0
1.28016651
3.32958722
1.01111281
0.633773386
0.354083538
0.191397607
0.587804258
0.509327829
0.633773386
0.485891134
0
0
0
0
1.53036833
1.93384552
0.633773386
0.633773386
0.354083538
0.191397607
0.88668561
0.805991888
1.02608156
0
0
0
0.193447292
1.64689243
2.35648537
1.0962075
1.02608156
1.02608156
0.746391773
0.485037833
0.172628909
0.143022001
0.070983842
0
2.89441586
7.19992018
7.3890624
5.61211252
1.75435066
0.070983842
0.070983842
0.070983842
0
0
0
0
0
0
0
0
0
0
0
0
0
0
0
0
0
0
0
0
0
0
0
0
0
0
0
0
0
0
0
0
0
0
0
0
0
0
0
0
0.0736294538
0.122139737
0
0
0
1.24248445
4.00915003
0
0
0
0
0
0
0
0
0
0.209626421
0
0
0.662586689
3.54295993
6.11717987
7.88046694
5.30941153
3.2465868
2.53939557
3.09113455
0
0
0
0
0
0
0
0.269670486
1.61052847
3.05307126
3.83667302
4.36483717
4.96549368
2.07936811
0
0
0
0
0
0
0
0
0
0
0.303750217
1.29023111
2.89165044
0
0
0
0
0.194474474
0
0
0
0
0
0
0
1.02028692
0.313953578
0
0.0611427873
0.43501848
0
0
0
0
0
0
0
0
0.152183697
0
0
0
0
0.0477315038
0.0138948113
0
0
0
0
0
0
0
1.3709141
0
0
0
0.417253554
0
0
0
0
0
0
0
0
0.842182517
0
0
1.17385733
0
0
0
0
0
0
0
0
0
0
2.3020196
0
0
0
0.734983563
0.377169311
0
0
0
0
0
0
0
0.746443152
5.60710192
3.89456582
0
0
0
0
0
0
0
0
0
0
0
0
2.70845008
5.07055283
2.53685594
0.729175627
0.181695715
0
0
0
0
0
0
0
0
0
0
0
0
0
0
0
0
0
0
0.0739145279
0
0
0
0
0
0
0
0
0
0
0
0
0
0.0218260176
0
0
0.82081598
0
0
0
0
0
0
0
0
0
0
0
0
0
0.32315731
0
0
0
0
0
0
0
0
0
0
0
0
0
0.562819302
0
0
0
0
0
0
0
0
0
0
0
0
0
0
0
0
0.683881819
0.839912772
2.6520102
7.81758022
2.40938401
0
0
0
0
0
0
0
0
0
0
0
3.41702175
5.27686977
0
0
0
0
0
0
0
0
0
0
0
1.12529016
6.82287025
1.93264997
0
0
0
0
0
0
0
0
0
0
0.231953382
4.43710041
4.79451084
0
0
0
0
0
0
0
0
0
0
0
2.61449766
3.97857189
0
0
0
0
0
0
0
0
0
0
0
0.842508614
6.55087852
1.43124688
0
0
0
0
0
0
0
0
0
0
0
4.22203493
7.20866632
0
0
0
0
0
0
0
0
0
0
0
0
4.28531742
3.01881456
0
0
0
0
0
0
0
0
0
0
0
0
2.52378249
1.096542
0
0
0
0
0
0
0
0
0
0
0
0
0
0
0
0
0
0
0
0
0
0
0
0
0
0
0
0
0
0
0
0
0
0
0
0
0
0.241012126
0.22944504
0
0
0
0
0
0
0
0
0
0
0
0
0.324476361
3.37207627
8.08771038
7.65097046
3.66941929
1.65264988
1.564569
1.93870425
0.815054178
0
0
0
0
0
0
0
0
5.36296272
9.04720497
8.76235104
8.42131805
8.44269466
8.59503078
5.13567686
0.335021257
0
0
0
0
0
0
0
0
0
0.892360806
0
1.79967868
2.42446041
0.355429888
0.0335896164
0
0
0.0189483389
0.204222918
0
0
0
0
0
0
0
0
0
0
0
0
0
0
0
0
0.0188121721
0.31953764
0
0
0
0
0.154389948
0
0
0
0
0
0
0
0.795341432
0
0
0
0
0
0
0
0
0
0
0
0
0.168337405
0.0906885043
0
0
0
0
0.0388988554
0
0
0
0
0
0
0
0.946763694
0
0
0
0
0
0
0
0
0
0
0
0
0.137062669
0.473896503
0.680238843
1.27654672
0
0
0
0
0
0
0
0
0
0
0
0
2.014889
1.44499826
0
0
0
0
0
0
0
0.35177961
0.377983749
0.355703056
0
0
0
0
0.602205336
0.845065117
0.355703056
0.355703056
0.355703056
0.167286277
0
0
0
0
0
0
0
0
0
0
0
0
0
0
0
0
0
0
0
0
0
0
0
0
0
0
0
0
0
0
0
0
1.4352771
1.94497001
1.10955632
0.397829086
0.0693947673
0.0398566723
0.113718301
0
0
0
0
0
0.161526233
5.11072254
7.76166296
9.21909809
8.04787159
7.24363565
6.76160097
6.75939226
5.56443787
3.66861916
1.01348054
0
0
0
1.04164183
1.94287479
0.233292013
4.83087969
6.70926332
7.70817232
6.97527885
5.59687376
6.99577665
4.70144367
1.69293487
0.053639859
0
0
0
0
0
0
0
0
0
0
0.55154407
0.299811035
1.28672135
0
0
0
0
0
0
0
0
0
0
1.28130782
0
0
0
0
0
0
0
0
0
0
0
0
2.6663959
0.237851471
0
0
0
0
0
0
0
0
0
0
0
2.44991231
3.88434505
0
0.525866747
0
0
0
0
0
0
0
0
0
1.29486978
6.03698635
1.06193316
0
0
0
0
0
0
0
0
0
0
0
3.30380058
2.21608829
0
0
0
0
0
0
0
0
0
0
0
1.86836374
4.08271837
0.616996527
0.841368318
0
0
0
0
0
0
0.035718441
0
0
0.263514072
3.50031376
1.5964601
1.21739793
0.633069277
0
0
0
0
0
0
0.102498293
0
0
0.474163979
0
0
0
0
0
0
0
0
0.0820699632
0
0
0
0
0
0
0
0
0
0
0
0
0
0
0
0
0
0
0
0
0
0
0
0
0
0
0
0
0
0
0
0.703762412
3.57920623
5.56494522
3.6890893
2.27690434
1.94962168
1.90121365
1.58167458
0.697397768
0
0
0
0
0
0
0
4.97062969
10.5120106
10.9675512
9.29100323
8.45191193
8.16796398
7.4032445
3.15862346
0
0
0
0
0
0
0
0
0
0
0
0.750301242
3.84352946
5.08224678
0.810897946
0
0
0
1.95324492
0.451696754
0
0
0
0
0
0
0
0
0
0
0
0
0
0
0
0
0
0
0
0
0
0
0
0
0
0
0
0
0
0
0
0
0
0
0
0
0
0
0
0
0
0
0
0
0
0.924296498
0
0
0
0
0
0
0
0
0
0
0
0
0
0
0.547314703
0
0
0
0
0
0
0
0
0
0
0.351581484
0.643710077
0
0
0
0
0
0
0
0
0
0
0
0
0
0.350436836
0
0
0
0
0
0
0
0
0
0
0
0
0
0
0
0
0
0
0
0
0
0.0813839287
0.467008471
0.457742751
0.196500361
0.118397668
0
0
0
0
0.457742751
0.457742751
0.457742751
0.518655956
0.517279625
0
0
0
0
0
0
0
0
0
0
0
0
0
0
0
0
0
0
0
0
0
0
0
0
0
0
0
0
0
0
0
0.163972259
0
0
0
0
0
0
0
0
0
0
0
0
0
0
0
0
0
0
0
0
0
0
0
0
0
0
0
0
0
0
0
0
0
0.806699038
0
0
0
0
0
0
0
0
0
0
0
0
0
2.91066146
2.23791599
0
0
0
0
0
0
0
0
0
0
0
1.19950962
3.52433372
0.804278553
0
0
0
0
0
0
0
0
0
0
0
3.0446353
1.57740843
0
0
0
0
0
0
0
0
0
0
0
0
2.7174387
0.409520447
0
0
0
0
0
0
0
0
0
0
0
1.41012621
1.09048665
0
0
0
0
0
0
0
0
0
0
0
1.95171916
0.827918172
0
0
0
0
0
0
0
0
0
0
0
2.44115138
5.06260061
0.673649609
0
0
0
0
0
0
0
0
0
0
0
2.50091815
3.1841886
0
0
0
0
0
0
0
0
0
0
0
0
0.431216776
1.51496351
0
0
0
0
0
0
0
0
0.278177232
0.296260387
0.296260387
0.296260387
0.296260387
0.296260387
0.296260387
0.296260387
0.296260387
0.296260387
0.296260387
0.340297312
0.239627272
0
0.111595809
0.165668458
0.165668458
0.165668458
0.165668458
0.165668458
0.165668458
0.165668458
0.165668458
0.165668458
0.165668458
0.321593672
0.290081292
0
0
0
0
0
0
0
0
0
0
0
0.179415107
0.217400432
0.161294132
0
0
0
0.173661202
1.85009372
0.0769796669
0
0
0
0.574311733
2.94799042
1.91309917
0.346789747
0.161294132
0
0.367459327
2.276757
3.3080554
1.39244831
0.40407601
1.86824119
2.35923481
1.88367164
3.81978989
5.39356709
1.77187335
0.279983491
0.161294132
0
0.671406865
1.83325803
2.64468646
1.81502616
1.82325542
1.8282572
0.272320122
1.83886778
7.39819098
4.38483429
0
0
0.161294132
0
0
0.118121386
0.341783673
0.629336596
1.07281506
0.495650619
0
5.56392193
10.2039213
1.95199335
0
0
0.161294132
0
0
0.0564652383
0.0564652383
0.0564652383
0
0
2.14858341
10.0886526
5.9119544
0
0
0.175389022
0.161294132
0
0
0.0564652383
0.0564652383
0.054462105
0
0
5.89212275
9.67237949
2.19564533
0
0
0.182477832
0.161294132
0
0
0.0564652383
0.0564652383
0
0
2.56936312
11.3129549
6.31354284
0
0
0.0578909814
0.182477832
0.161294132
0
0
0.0564652383
0
0
0.946183681
9.27487183
8.05525494
0.861157537
0
0
0.0564652383
0.182477832
0.161294132
0
0
0.0564652383
0
0
4.31428862
10.0826683
3.94547415
0
0
0.0564652383
0.0564652383
0.182477832
0.161294132
0
0
0
0
1.06328058
7.00890017
7.14055395
0
0
0
0
0
0
0
0
0
0
0.315762907
3.26522422
5.20944738
1.59904647
0
0
0
0
0
0
0
0
0
0
0
0
0
0
0
0
0
0
0
0
0
0
0
0
0
0
0
0
0
0
0
0
0
0
0
0
0.0873674154
1.11496556
0
0
0
0
0
0
0
0
0
0
0
0
0.0195585936
0.413222462
0.388718575
0.765860438
0.351318449
0.135575116
0.0462226421
0.0820739418
0
0
0
0
0
0
0
0.715162039
0.531069756
0
0
0
0
0
0
0
0
0
0
0
0
0.801254869
0
0
0
0
0
0
0
0
0
0
0
0
0
0
0
0.0570994318
0.197589457
0.79904139
1.66993642
1.89678872
2.38595033
0
0
0
0
0
0
0
0
0
0
0.58955431
1.48067689
3.07072926
0
0
0
0
0
0
0
0
0
0
0.730513453
0.493685216
1.02337122
1.82261825
0
0
0
0
0
0
0
0
0
0.223902583
0.497148901
0.534751296
2.62648249
0.317462921
0
0
0
0
0
0
0
0
0
0.746038437
1.67133546
1.57725048
0
0
0
0
0
0
0
0
0
0
0.106300429
0.880717158
3.22472477
2.51743197
0
0
0
0
0
0
0
0
0
0
0
0.684571266
4.6647706
1.93294275
0
0
0
0
0
0
0
0
0
0
0.0383774489
1.01976919
2.79495668
0
0
0
0
0
0
0
0
0.152415872
0.280706078
0.287904233
0.287904233
0.287904233
0.287904233
0.287904233
0.287904233
0.287904233
0.287904233
0.287904233
0.287904233
0.223767549
0
0.0895617008
0.149672866
0.182665616
0.182665616
0.182665616
0.182665616
0.182665616
0.182665616
0.182665616
0.182665616
0.182665616
0.182665616
0.201114684
0
0.0595110059
0
0
0
0
0
0
0
0
0
0
0
0.169542938
0
0.0595110059
0
0
0.626852155
0.149845779
0
0
0
0
0
0
0
0.0222728848
0
0.0595110059
0.807500958
3.22806931
2.98908138
3.96196461
4.04979134
4.52723694
4.69654465
1.94231689
1.15961397
0.893485069
0.332373828
0.280834526
0
0.0595110059
0.776855826
1.55677485
1.47720873
3.16867089
3.2158165
2.99295402
0.761934638
0
1.05600333
0.647099495
0.820939183
0.0551779866
0
0.0595110059
0.118502557
0.13113603
0.221730202
0.361168593
0.402765065
0.0642206967
0
1.12446785
1.36341155
1.96311772
1.2117734
0.132748157
0
0.0595110059
0.123146236
0.151524842
0.151524842
0.151524842
0.182723254
0
0
1.28407454
0.661880374
1.85820067
0.196728081
0.161764771
0
0.0595110059
0.123146236
0.151524842
0.151524842
0.157094777
0
0
0.626085281
0.947160602
1.64630151
1.14411783
0.107867628
0.162026316
0
0.0595110059
0.123146236
0.151524842
0.151524842
0
0
0.0453457832
2.03940058
1.14568973
1.96462929
0.174791098
0.150595397
0.162026316
0
0.0595110059
0.123146236
0.151524842
0.183655828
0
0
0.717733264
1.03166723
1.91787517
0.852997422
0.120473146
0.151524842
0.162026316
0
0.0595110059
0.123146236
0.151524842
0
0
0
0.467497081
1.17592061
1.61832798
0.112235934
0.151524842
0.151524842
0.162026316
0
0
0
0
0
2.16262627
3.72680616
3.15938616
2.99140549
0.49886921
0
0
0
0
0
0
0
0
0.207174689
2.71044421
2.05137849
1.3640635
1.03103471
0
0
0
0
0
0
0
0
0
0
0
0
0
0
0
0
0
0
0.0199332088
0.00101104379
0
0.0291634053
0
0
0
0
0
0
0
0
0
0
0.083162725
0
0
1.01922548
3.61930013
3.63406396
1.44219542
1.93031704
1.83521104
1.75331688
1.72945654
1.41673326
0.577134967
0.0217712224
0.284144759
0
0
2.00716853
5.39949942
0.953261614
0
0
0.996882439
1.5930723
1.91483951
1.3803668
0
0
0.388623416
0
0
1.10571122
0
0
0
0
0
0
1.56782246
0
0
0
0.366663754
0
0
0
0
0
0
0
0
0
0.056289129
0
0
0.863385081
0.91236341
0
0
0.219906747
0.0404642448
0
0
0
0
4.54369354
0
0
0
0.741658092
0.707277656
0
0
0.179122329
0.00439970195
0.00439970195
0.00439970195
0.170722976
4.08948421
6.83154011
0
0
0
1.23063123
0.281982332
0
0
0.179122329
0.00439970195
0.00439970195
0.00548239052
2.46244645
7.80004072
0
0
0
0.532813787
0.402000487
0.286149859
0
0
0.179122329
0.00439970195
0.00439970195
0.773793936
6.6233983
4.68431091
0
0
0
1.07448411
0.00264017284
0.286149859
0
0
0.179122329
0.00439970195
0.134393871
3.71240211
7.78639936
0
0
0
0.713011861
0.326324612
0.00439970195
0.286149859
0
0
0.179122329
0.00439970195
0.767283559
6.79201365
2.13661289
0
0
0
0.904209375
0.00439970195
0.00439970195
0.286149859
0
0
0.374906123
0.207115248
1.49570286
5.17858267
0
0
0
1.37741983
0.264793605
0.207115248
0.207115248
0.488865376
0.104774028
0
0.0566796437
0
0.077923581
0
0
0
0
1.07318914
0
0
0
0.0158060789
0
0.283979654
0.572720945
0.542648315
0.542648315
0.542648315
0.542648315
0.542648315
0.542648315
0.542648315
0.542648315
0.542648315
0.542648315
0.577626288
0.795495749
0.148110285
0.504373312
0.417114079
0.417114079
0.417114079
0.417114079
0.417114079
0.417114079
0.417114079
0.417114079
0.417114079
0.417114079
0.496189266
0.695690393
0.157317013
0.969135284
2.53533292
0.991310894
0
0
0
0
0
0
0
0
0.482555896
0.709126413
0.157317013
0.760015845
0.234192595
0
0
0
0
0
0
0
0
0
0.370026022
0.709126413
0.157317013
0
0
0
0
0
0
0
0
0
0
1.16937232
0.832630634
0.709126413
0.157317013
0.0981526002
0.442430943
0.79339087
0
0
0
0
0
0
0
4.60584354
0.786693454
0.709126413
0.157317013
0.531317592
0.531850815
0.551781118
0.586413085
0.60323894
1.22303367
1.95222759
0
0
7.17256594
4.70014763
0.772215903
0.709126413
0.157317013
0.509611964
0.410889685
0.410889685
0.410889685
0.519242883
1.43783259
0
0
0.795278728
7.78881359
1.66055059
0.50846684
0.709126413
0.157317013
0.509611964
0.410889685
0.410889685
0.411639661
1.43278551
1.12111473
0
0
7.3206296
4.0791831
0.654426038
0.508993745
0.709126413
0.157317013
0.509611964
0.410889685
0.410889685
0.850210488
1.63096261
0
0
4.31738997
7.89416647
1.46916938
0.40878287
0.508993745
0.709126413
0.157317013
0.509611964
0.410889685
0.49522534
1.55816531
0
0
0
7.57092762
3.15825295
0.598477006
0.410889685
0.508993745
0.709126413
0.157317013
0.509611964
0.410889685
0.733422399
0.671165824
0
0
5.09727812
5.68482971
1.14603519
0.410889685
0.410889685
0.508993745
0.709126413
0.302966535
0.583972394
0.45204708
0.407793105
0
0
0.310095966
9.83453274
3.01094508
0.484378397
0.45204708
0.45204708
0.55015111
0.685322464
0
0
0
0
0
0
3.79988384
3.76646304
0.232587487
0
0
0
0
0
0
0
0
0
0
0
0
0
0
0
0
0
0
0.424594641
0
0
0
0
0
0
0
0
0
0
0
0
0
0.147645652
0
0
0
0
0
0
0
0
0
0
0
0
0
0.171683058
0
0
0
0
0
0
0
0
0
0
0
0
0
0.171683058
0
0
0
0
0.0439723842
0
0
0
0
0
0
0
0
0.171683058
0
0
0
1.54326844
1.10371995
0
1.19547737
0
0.0865249336
3.62635636
1.71566534
0
0
0.171683058
0
0
0
0
0
0.0104380064
0
0
0
1.64611518
0.489052922
0
0
0.171683058
0
0
0
0
0
0
0
0
0
2.71152735
0
0
0
0.171683058
0
0
0
0
0
0
0
0
2.42547202
1.22741568
0
0
0
0.171683058
0
0
0
0
0
0
0
0
2.66827869
0
0
0
0
0.171683058
0
0
0
0
0
0
0
2.4294076
1.35604239
0
0
0
0
0.171683058
0
0
0
0
0
0
1.77272391
0.129030272
0
0
0
0
0
0.171683058
0
0
0
0
0
0
3.0135169
0
0
0
0
0
0
0
0
0
0
0
0
1.87595546
4.31851149
0.184080839
0.0625627935
0
0
0
0
0
0.753347933
0.831287801
0.826025844
0.826025844
0.826025844
0.826025844
0.826025844
0.826025844
0.826025844
0.826025844
0.826025844
0.826025844
0.657663286
0.294178784
0
0
0
0
0
0
0
0
0
0
0
0
0
0
0.158075586
0
0
0
0
0
0
0
0
0
0
0
0
0
0.158075586
0
1.99768877
2.90404892
0.239556327
0
0
0
0
0
0
0
0
0
0.158075586
0
1.22335732
4.86983681
9.33661747
10.3309345
9.93035889
8.93110085
8.72967529
6.08521795
2.5661633
0.803337336
0
0
0.158075586
0
0
0
0.753188014
2.35475397
3.7527101
3.56626844
2.71424937
0
0
0
0
0
0.158075586
0
0
0
0
0
0
0
0
0
0
0
0
0
0.158075586
0
0
0
0
0
0
0
0
0
0
0
0
0
0.158075586
0
0
0
0
0
0
0
0
0
0
0
0
0
0.158075586
0
0
0
0
0
0
0
0
0
0
0
0
0
0.158075586
0
0
0
0
0
0
0
0.2637043
0
0
0
0
0
0.158075586
0
0
0
0
0
0
0
0
0
0
0
0
0
0
0
0
0
1.53077626
0.336514771
0
0
0
0
0
0
0
0
0.243085101
0.305787921
0.249885723
0
0
0.46157831
2.44248652
0.465203822
0
0.249885723
0.249885723
0.249885723
0.0108617991
0
