0.587074876
0.445337713
0.445337713
0.445337713
0.445337713
0.445337713
0.698455334
0.411655962
0.0427010953
3.63096952
0.795837581
0.798609138
5.97832632
0.813200414
0.670438409
0
0
0
0
9.95975971
1.49327302
0.474261254
0.316527247
0.316527247
0
0
0.405309498
0.645047963
0.474261254
0.316527247
0.313828081
0
0
0.314773709
0.659375548
0.474261254
0.316527247
0
0
0
0.316527247
0.659375548
0.902494311
1.12995422
0
0
1.08207631
0.762173057
1.01097476
0
0
0
0
0
0
0
0
0.322056651
0.245311648
0.22023654
0.662068129
0.593636572
0
0.620840192
2.83054781
0
0
2.58623195
0.508572876
0
0
0
0
5.45089626
5.99672031
0
0
0
0
0.154093027
6.33747959
0
0
0
0
0
7.10343981
7.90193319
0
0
0
0
0.775209069
3.95338917
0
0
0
0.0492724627
1.2016834
1.4698441
1.4698441
1.4698441
1.4698441
1.4698441
1.20705199
0.587804258
4.22180939
3.22038651
2.26063871
2.29182053
0.901531637
0.37193346
0.809068084
6.13524723
10.5070009
11.8981276
8.64560318
0
0.785543621
0.587804258
0.85178107
1.80526686
2.08910632
0
2.61104035
0.878169417
0.587804258
0.633773386
0.678896189
0
1.69762623
2.71663165
0.354083538
0.587804258
0.633773386
0
0
3.32958722
1.01111281
0.354083538
0.88668561
1.02608156
7.19992018
7.3890624
2.35648537
1.02608156
0.746391773
0
0
0
0
0
0
0
1.24248445
4.00915003
0
0
0
0.122139737
0.209626421
0.662586689
6.11717987
7.88046694
4.96549368
3.09113455
0
0
0
0
0.303750217
2.89165044
0.0611427873
0.43501848
0.194474474
0
0
1.3709141
0
0.417253554
0.0477315038
0
0
0
2.3020196
1.17385733
0.734983563
0
0
0
0.746443152
5.60710192
2.53685594
0.181695715
0
0
0
0
0
0
0
0
0.0739145279
0
0.82081598
0
0
0
0
0
0
0.562819302
0.683881819
2.6520102
7.81758022
0
0
0
0
0
6.82287025
5.27686977
0
0
0
0
2.61449766
4.79451084
0
0
0
0
0
7.20866632
1.43124688
0
0
0
0
0
4.28531742
0
0
0
0
0
0
0
0
0
0
0
0.324476361
8.08771038
7.65097046
1.65264988
1.93870425
0
0
0
0
9.04720497
8.76235104
8.59503078
5.13567686
0.0335896164
0.0189483389
0.204222918
0.0188121721
0.31953764
0
0.154389948
0
0
0
0.795341432
0
0
0.0388988554
0
0
0.137062669
0.946763694
1.27654672
0
0
0
0.377983749
0.355703056
2.014889
1.44499826
0.845065117
0.355703056
0.167286277
0
0
0
0
0
0
0
0.161526233
7.76166296
9.21909809
7.24363565
6.75939226
3.66861916
0
1.04164183
1.94287479
6.70926332
7.70817232
6.99577665
4.70144367
0.053639859
0
0
0
2.6663959
1.28130782
0
0
0
0
1.29486978
6.03698635
0.525866747
0
0
0
0
4.08271837
2.21608829
0
0
0
0.102498293
0.474163979
3.50031376
1.21739793
0
0
0.0820699632
0
0
0
0
0
0
0
0
3.57920623
10.5120106
10.9675512
8.45191193
7.4032445
0
0
1.95324492
0
0
0.750301242
5.08224678
0.810897946
0
0
0
0
0
0
0
0
0
0
0.924296498
0.547314703
0
0
0
0
0.351581484
0.643710077
0
0
0
0.467008471
0.457742751
0.118397668
0
0.457742751
0.457742751
0.518655956
0
0
0
0
0
0
0
0
0.163972259
0
0
0
0
0
0
0
0
0
2.91066146
2.23791599
0
0
0
0
0
3.52433372
0.804278553
0
0
0
0
1.41012621
2.7174387
0
0
0
0
2.44115138
5.06260061
0
0
0
0
0
2.50091815
3.1841886
0
0
0
0.278177232
0.296260387
0.296260387
0.296260387
0.296260387
0.296260387
0.340297312
0
0.173661202
1.85009372
0
0.574311733
2.94799042
0.346789747
0.671406865
3.3080554
1.82325542
2.35923481
7.39819098
5.39356709
0.279983491
0
0.341783673
1.07281506
2.14858341
10.2039213
1.95199335
0.175389022
0
0.0564652383
0.054462105
11.3129549
9.67237949
0.0578909814
0.182477832
0
0.0564652383
4.31428862
10.0826683
0.861157537
0.0564652383
0.182477832
0
0.315762907
7.00890017
7.14055395
0
0
0
0
0
0
0
0
0
0
0.0873674154
1.11496556
0.765860438
0.135575116
0.0820739418
0
0
0
0.801254869
0
0
0
0
0
0
0
0.197589457
1.66993642
3.07072926
0
0
0
0
0.730513453
2.62648249
1.82261825
0
0
0
0.106300429
3.22472477
2.51743197
0
0
0
0
0.0383774489
4.6647706
1.93294275
0
0
0
0.280706078
0.287904233
0.287904233
0.287904233
0.287904233
0.287904233
0.223767549
0.0595110059
0.626852155
0.149845779
0
0
0
0.169542938
0.807500958
3.22806931
4.04979134
4.69654465
1.94231689
0.893485069
0.280834526
0.123146236
0.221730202
0.402765065
0.0642206967
1.36341155
1.96311772
0.161764771
0.123146236
0.151524842
0.157094777
2.03940058
1.96462929
1.14411783
0.162026316
0.123146236
0.183655828
0
1.17592061
1.91787517
0.151524842
0.162026316
0
0.207174689
3.72680616
3.15938616
0.49886921
0
0
0.0291634053
0
0
0
0
0
0.083162725
2.00716853
5.39949942
1.93031704
1.83521104
1.91483951
0.577134967
0.388623416
1.10571122
0
0
0
1.56782246
0.863385081
0.91236341
0.219906747
0.0404642448
0.170722976
6.83154011
0
1.23063123
0.707277656
0.179122329
0.00439970195
6.6233983
7.80004072
0
1.07448411
0.286149859
0.179122329
0.767283559
7.78639936
0
0.904209375
0.326324612
0.286149859
0.374906123
1.49570286
5.17858267
0
1.37741983
0.207115248
0.488865376
0.572720945
0.542648315
0.542648315
0.542648315
0.542648315
0.542648315
0.795495749
0.969135284
2.53533292
0
0
0
0
0.709126413
0.157317013
0.79339087
0
0
0
4.60584354
0.832630634
0.531317592
0.551781118
0.60323894
1.95222759
0.795278728
7.78881359
0.772215903
0.509611964
0.410889685
1.63096261
1.12111473
7.89416647
4.0791831
0.709126413
0.509611964
0.733422399
1.55816531
5.09727812
7.57092762
0.598477006
0.709126413
0.583972394
0.45204708
0
9.83453274
3.01094508
0.45204708
0.685322464
0
0
0
0
0
0
0.424594641
0
0
0
0
0
0
0.171683058
0
1.54326844
1.10371995
1.19547737
3.62635636
1.71566534
0.171683058
0
0
0.0104380064
0
2.71152735
0.489052922
0.171683058
0
0
0
0
2.66827869
0
0.171683058
0
0
0
2.4294076
1.35604239
0
0.171683058
0
0
1.87595546
4.31851149
0.0625627935
0
0
0.831287801
0.826025844
0.826025844
0.826025844
0.826025844
0.826025844
0.657663286
0.158075586
2.90404892
0.239556327
0
0
0
0
0.158075586
4.86983681
10.3309345
9.93035889
8.72967529
2.5661633
0
0.158075586
0
0
0
0
0
0
0.158075586
0
0
0
0
0
0
0.158075586
0
0
0
0.2637043
0
0
0.305787921
0.249885723
1.53077626
2.44248652
0.249885723
0.249885723
0.0108617991
