0.0634152889
-10.1486635
-16.0589199
-11.8491392
-14.5098734
-10.2799263
0.586432159
-8.49058056
-21.824213
-17.6519661
-18.0952587
-21.441206
-6.70201302
3.3790729
2.49002624
-2.41381145
-6.00164127
-7.07479
-9.15182018
6.4676981
1.15285861
2.33153033
4.5848484
2.35925221
-4.37768459
4.16059685
-1.48292363
-6.67144108
-0.0185144544
0.018407464
-5.38651466
2.10921955
8.96192551
-1.66853726
-3.80306029
-1.11267471
-4.61332607
-3.15311837
3.49900317
0.720121086
-4.83908939
-2.83651328
-0.92094636
2.94740152
9.63792038
3.45781636
-4.01954794
-3.92601848
-0.989991724
-3.26163912
-4.17340279
-6.4932251
-4.37900019
-1.01008379
-0.0555926897
-0.251738131
-2.80006766
-15.0568609
-23.0396023
-23.775938
-18.4497643
-10.8844814
-2.6945138
-2.82731915
0.531565726
0.369552046
9.03778648
5.33806372
-3.46178508
-2.83007216
0.99852258
-0.58129698
11.3987036
25.3869553
8.94094563
-3.25224972
-3.84832478
-0.867553055
0.401955426
9.12489414
7.81150436
-12.0631208
-13.1180611
-2.0668292
-1.25209856
0.742159367
5.67310238
-8.46364403
-19.1830006
-7.13432789
-0.928445995
-1.10511875
5.95761919
2.77766085
-13.4230795
-13.9248381
-1.87578249
-0.754210889
4.24186897
2.6999104
3.36001539
7.14438057
5.51013708
1.38231707
-0.641720653
1.474424
8.36674023
7.11067915
2.82862568
3.10879421
-6.09301472
-4.15512848
3.24350095
5.94048405
13.6775465
9.24364662
8.4915123
0.735526323
-1.16790605
-4.08548546
-4.97953653
-9.95788193
-8.61715221
-1.57485187
-1.54347837
1.50189793
-0.510774732
-3.29580212
-6.64018297
-6.28840351
-4.07541609
-1.75665319
-1.23765194
-0.0706967711
-1.88063908
-2.37760663
0.00697648525
-0.854132116
-0.659841657
-1.11677277
-0.549064994
3.12637281
2.73432136
4.77638102
0.811909914
-0.665083528
-0.889477372
0.776349247
4.89755583
7.55875254
3.92260623
1.35765815
-0.715734422
-2.1737721
-1.38740587
-1.68616068
1.43851173
4.60587931
1.26051843
-3.2509861
-4.92792273
-7.8820343
-10.0165482
-7.6230011
-10.3448229
-2.52889967
-4.02330208
-9.55729675
-3.62501717
-11.0288277
-6.74013853
-3.2478075
6.33292341
7.33222151
-5.65722275
-0.643123329
-1.24265492
-1.59016287
-5.43467331
-3.25048089
-6.25478315
-4.29590893
-0.118416972
3.80923724
3.28168726
0.102882773
-4.98137236
-6.25897646
-2.15015364
-1.649809
-4.85535908
-10.3664217
-9.67141247
-9.9825983
-4.79056883
-1.69691586
1.39948082
-5.8328414
-3.93184447
1.30668402
-0.584002495
1.88414156
3.34769964
-2.99498105
2.98066926
-6.05367279
-2.72753358
1.18804097
-5.3786025
5.36665535
-1.16106319
0.311636746
1.1017853
-2.02694464
8.15697289
-8.41880798
-0.574779987
1.25450814
7.45960522
1.80928612
-0.296730518
-3.1390872
-3.86260271
-1.34127319
-0.345360935
-0.417436242
-2.90440273
-7.12021685
-11.7217522
-0.440824956
0.852254748
-0.746877372
-4.38750362
-2.70830512
-12.8210297
-6.06679487
1.620502
0.624842942
-0.674641192
-8.18747425
-3.46409154
-6.51354361
-1.19129694
0.496570557
-0.108754635
-1.45904684
-1.79542708
-0.702246189
-1.76605511
-5.63601112
-2.21087217
-0.783125758
-8.91734982
-6.63567162
-2.34408474
3.48186994
4.47480822
9.92120266
4.48995638
-6.96937656
-16.3196316
-17.4075012
-13.9807224
-5.51927757
8.59446239
2.82187176
1.59027886
-0.153674275
-2.27120519
-5.89877748
-1.31026697
1.61290932
-3.54448605
-0.82366848
0.176119328
2.46383762
-1.5962162
-0.446533024
-5.19333696
-1.96662164
-1.22687721
-2.63371372
-2.70655131
-1.29065084
1.64144397
-5.25648069
0.00474792719
-0.469172508
-1.7840333
-6.85061836
-6.27937174
-6.16482782
-1.13947368
-0.0449929833
-2.93364525
-9.72515774
-16.1382713
-20.141634
-17.9268875
-12.6352558
-8.03469181
1.81400537
-10.8926935
-18.796627
-16.0519028
-19.8398037
-13.0752058
-10.9900284
-3.04461408
-6.03187799
-9.19923496
-8.73839855
-15.9818964
-4.64730978
0.345252424
-2.63206482
1.19669223
7.68568611
0.974498093
-1.14952302
11.9689741
4.18918705
-0.237775102
5.60577726
4.07167292
-9.42736626
1.27209377
10.6412172
0.715916932
-0.429843009
4.00009584
-13.5364428
-5.23854208
9.96341515
2.21459985
-0.3889319
0.481684357
-3.65747285
-10.0258312
6.38539505
8.68063259
-0.139566094
0.380069345
-1.39643049
-2.00343943
-3.66768456
-3.42309356
-2.27467918
-2.27808285
-0.844804645
-3.87096262
-6.11128378
-6.27721834
-6.09306431
-4.87789583
-4.44639349
-1.2585218
-3.70234466
-6.82333183
-10.3880491
-10.3132324
-8.22935295
-5.76899004
-2.71332741
-2.51002502
-5.83962631
-8.56483746
-8.57621002
-7.43990564
-5.4379015
-2.91851258
-0.723871469
-1.71038818
-3.60533309
-4.58536816
-4.08085537
-3.85372496
-1.32152605
-0.837903142
-3.24746084
-5.36832523
-5.30155849
-4.51978683
-2.91315031
-0.711017609
-0.602181077
-3.65824461
-5.85103893
-4.30618906
-3.90667367
-1.22342181
-0.397741854
3.27199244
5.66075039
4.04872036
2.7596786
0.830583453
-1.78071582
-1.34279788
1.04986179
9.28545761
11.260994
17.1801796
7.3058629
2.92158055
3.18861318
0.975708127
0.0667926669
-11.4886999
-8.51309013
-17.1738491
-18.218256
-0.869339824
3.17035651
4.37981462
5.26871824
-0.554370344
-17.4744167
-22.7416553
-8.57816982
0.0810413063
0.639342904
-0.543219924
-5.0687871
-12.3827133
-8.43026924
-1.67414343
-0.239563376
-0.667841434
-2.55687332
-12.6222687
-15.2732248
-4.06317043
-0.384132802
-0.158574507
-3.13025713
0.305463195
-11.2725992
-11.0116339
0.261776537
0.623975277
-0.153500319
0.28922382
1.59518862
0.749998927
1.75516462
3.04381371
0.00728425384
-5.73119211
-4.65097857
-2.48146963
-3.95741701
-1.66587472
1.01080334
-0.134165883
-4.58268833
-12.4407549
-12.6784811
-4.21181345
0.446252376
-1.29992306
5.80546236
1.3746047
8.4812088
13.7027788
20.4086723
4.68580818
-2.88667989
3.57747364
-0.610951066
1.14963627
8.21977329
5.39668941
-6.035676
0.540379047
0.990491867
-0.569028378
0.646891594
-1.60591602
-9.29458618
-3.60265613
1.33946514
0.165118873
-1.08694172
-2.85216141
-10.3411112
-10.3341341
-2.26164627
0.307289571
-0.0327115655
-3.12678576
-2.25290918
-8.19779396
-9.72314835
-6.27130604
-6.75558472
-1.32204616
6.12904024
12.095787
20.9079304
15.3785992
11.273984
-1.32378185
-0.127631634
-1.19914782
3.60845399
4.50162411
9.76002312
8.50123882
-1.01364493
-0.255431831
1.65601099
-2.22423029
-2.77528358
-12.704711
-23.948103
-18.0931358
-4.83810854
-0.665998757
-1.40781844
-1.72630465
-18.0946674
-22.6728535
-9.52187347
0.217444167
-0.674230754
-0.115416355
-8.79880047
-24.4683838
-12.0158815
-2.36025429
0.0195132792
0.751522779
-0.95662874
-10.3685665
-17.1792374
-5.97285318
1.40623987
0.372296512
-0.946052313
-6.26068783
-5.32073975
-0.81649518
1.18796718
2.25978518
1.79737437
-3.71905255
-6.06640291
-1.93070412
-3.50396919
-1.34431922
2.46107388
0.412454754
-10.5640984
-23.9313335
-27.6507359
-21.3516388
-11.2192144
-2.34135604
-1.93379045
-6.19253016
-14.7951822
-13.7501965
-7.85213947
-2.65618277
-4.86497879
2.74244046
-1.12790382
1.19599199
7.18678713
7.67196321
-3.57346439
0.056566
1.85417008
-0.921650231
5.88503313
7.35886717
-3.10623932
-4.57387781
2.94033599
0.227046043
-0.732965827
-0.636224687
-3.80562043
-5.7388854
1.48472273
0.855278015
0.0404000208
-4.84428024
-4.26109886
-2.13955021
-4.3557477
-3.9105978
-2.13236713
-0.721975029
1.02040803
1.41187894
-3.52729297
-11.1491909
-8.90114212
-1.69487965
-0.75218153
-1.84235275
-0.222465485
-5.58450365
-6.13587093
3.67523193
0.390425742
-1.64405394
0.747413278
-11.8367968
-24.919878
-11.8622885
-2.99756312
0.094217971
-1.41966319
-0.875788033
-13.3475924
-11.252841
6.64687872
7.77608442
0.925409377
-1.44158316
-1.67822862
-7.98055983
0.342385352
13.2903996
3.88013601
-1.19001174
-1.14403522
0.111942142
7.11853266
10.9097672
9.6100235
0.18297939
-1.33921874
-0.853569329
-1.34927773
-5.88306952
-8.64399338
-9.98833084
-11.1171513
-7.48946238
-3.95304704
3.34187865
5.48631477
6.6146965
4.49763966
4.95896769
-2.55065084
-3.56270456
-1.30121422
-7.61836863
-7.70138836
-6.59351015
-0.160129011
-5.3257308
-0.189660475
0.968655646
-2.68479681
-4.07110834
-7.61364508
-5.03289127
-2.00411248
-0.131701827
-0.0532565266
-0.919188082
3.51538515
-5.611341
-7.3101511
-1.38152552
-1.58360767
-0.0722889751
2.41811228
2.7604394
-1.8183732
3.62744689
-0.507368088
-1.30508947
-0.0999849886
-0.702739954
-9.10881424
-4.43516874
-0.84667325
-0.985475898
-0.912701368
-6.78359652
-9.30984497
-1.8401494
-2.65007401
-2.00266838
1.44378281
-0.661371648
-8.3107214
-17.2928219
-13.2151747
-4.67348337
-2.60002017
2.10157061
-0.86355871
-2.56560826
-6.27168322
-6.5185895
-6.60286999
-0.169075876
-3.10911703
-2.65979791
-2.19300604
0.397872567
2.40954924
4.65895033
4.09717512
0.0321587026
-5.4487195
0.0185168684
-0.0741290748
-5.18198061
-6.87549639
-2.60443139
0.287866235
-3.27598929
-0.265274107
-1.84491456
-11.5879173
-5.00105572
4.70818424
-1.94269931
-1.4046489
-0.126921251
-2.34833288
-8.89074421
-3.63422966
-3.00818396
-3.25187802
-1.22570229
-1.78868735
0.233106434
-1.05694318
-1.19180954
-2.9768548
-3.70201659
-0.19674547
-0.682773232
-0.285676122
2.53344464
6.50160742
2.89302325
0.141911149
2.76783419
-3.15689254
-6.59819317
-16.6468964
-11.8532982
-10.3613052
-5.15813112
0.337013155
-2.94684601
-8.0343504
-11.2545538
-5.05067205
-5.48538637
0.424107641
-1.28658092
-1.82995844
-8.22335625
-0.485865325
-3.47037578
-1.3459245
-2.0139997
-0.512986183
-2.35115933
-3.43848515
2.2639389
-1.03084803
0.641742051
-1.58180583
-0.273689836
-1.7975297
-3.72308016
-5.54887056
-3.93880653
-3.70527172
-1.09229171
-0.474230886
