0.0634152889
0
0
0
0
0
0.586432159
0
0
0
0
0
0
3.3790729
2.49002624
0
0
0
0
6.4676981
1.15285861
2.33153033
4.5848484
2.35925221
0
4.16059685
0
0
0
0.018407464
0
2.10921955
8.96192551
0
0
0
0
0
3.49900317
0.720121086
0
0
0
2.94740152
9.63792038
3.45781636
0
0
0
0
0
0
0
0
0
0
0
0
0
0
0
0
0
0
0.531565726
0.369552046
9.03778648
5.33806372
0
0
0.99852258
0
11.3987036
25.3869553
8.94094563
0
0
0
0.401955426
9.12489414
7.81150436
0
0
0
0
0.742159367
5.67310238
0
0
0
0
0
5.95761919
2.77766085
0
0
0
0
4.24186897
2.6999104
3.36001539
7.14438057
5.51013708
1.38231707
0
1.474424
8.36674023
7.11067915
2.82862568
3.10879421
0
0
3.24350095
5.94048405
13.6775465
9.24364662
8.4915123
0.735526323
0
0
0
0
0
0
0
1.50189793
0
0
0
0
0
0
0
0
0
0
0.00697648525
0
0
0
0
3.12637281
2.73432136
4.77638102
0.811909914
0
0
0.776349247
4.89755583
7.55875254
3.92260623
1.35765815
0
0
0
0
1.43851173
4.60587931
1.26051843
0
0
0
0
0
0
0
0
0
0
0
0
0
6.33292341
7.33222151
0
0
0
0
0
0
0
0
0
3.80923724
3.28168726
0.102882773
0
0
0
0
0
0
0
0
0
0
1.39948082
0
0
1.30668402
0
1.88414156
3.34769964
0
2.98066926
0
0
1.18804097
0
5.36665535
0
0.311636746
1.1017853
0
8.15697289
0
0
1.25450814
7.45960522
1.80928612
0
0
0
0
0
0
0
0
0
0
0.852254748
0
0
0
0
0
1.620502
0.624842942
0
0
0
0
0
0.496570557
0
0
0
0
0
0
0
0
0
0
0
3.48186994
4.47480822
9.92120266
4.48995638
0
0
0
0
0
8.59446239
2.82187176
1.59027886
0
0
0
0
1.61290932
0
0
0.176119328
2.46383762
0
0
0
0
0
0
0
0
1.64144397
0
0.00474792719
0
0
0
0
0
0
0
0
0
0
0
0
0
0
1.81400537
0
0
0
0
0
0
0
0
0
0
0
0
0.345252424
0
1.19669223
7.68568611
0.974498093
0
11.9689741
4.18918705
0
5.60577726
4.07167292
0
1.27209377
10.6412172
0.715916932
0
4.00009584
0
0
9.96341515
2.21459985
0
0.481684357
0
0
6.38539505
8.68063259
0
0.380069345
0
0
0
0
0
0
0
0
0
0
0
0
0
0
0
0
0
0
0
0
0
0
0
0
0
0
0
0
0
0
0
0
0
0
0
0
0
0
0
0
0
0
0
0
0
0
0
0
0
3.27199244
5.66075039
4.04872036
2.7596786
0.830583453
0
0
1.04986179
9.28545761
11.260994
17.1801796
7.3058629
2.92158055
3.18861318
0.975708127
0.0667926669
0
0
0
0
0
3.17035651
4.37981462
5.26871824
0
0
0
0
0.0810413063
0.639342904
0
0
0
0
0
0
0
0
0
0
0
0
0
0
0.305463195
0
0
0.261776537
0.623975277
0
0.28922382
1.59518862
0.749998927
1.75516462
3.04381371
0.00728425384
0
0
0
0
0
1.01080334
0
0
0
0
0
0.446252376
0
5.80546236
1.3746047
8.4812088
13.7027788
20.4086723
4.68580818
0
3.57747364
0
1.14963627
8.21977329
5.39668941
0
0.540379047
0.990491867
0
0.646891594
0
0
0
1.33946514
0.165118873
0
0
0
0
0
0.307289571
0
0
0
0
0
0
0
0
6.12904024
12.095787
20.9079304
15.3785992
11.273984
0
0
0
3.60845399
4.50162411
9.76002312
8.50123882
0
0
1.65601099
0
0
0
0
0
0
0
0
0
0
0
0
0.217444167
0
0
0
0
0
0
0.0195132792
0.751522779
0
0
0
0
1.40623987
0.372296512
0
0
0
0
1.18796718
2.25978518
1.79737437
0
0
0
0
0
2.46107388
0.412454754
0
0
0
0
0
0
0
0
0
0
0
0
0
2.74244046
0
1.19599199
7.18678713
7.67196321
0
0.056566
1.85417008
0
5.88503313
7.35886717
0
0
2.94033599
0.227046043
0
0
0
0
1.48472273
0.855278015
0.0404000208
0
0
0
0
0
0
0
1.02040803
1.41187894
0
0
0
0
0
0
0
0
0
3.67523193
0.390425742
0
0.747413278
0
0
0
0
0.094217971
0
0
0
0
6.64687872
7.77608442
0.925409377
0
0
0
0.342385352
13.2903996
3.88013601
0
0
0.111942142
7.11853266
10.9097672
9.6100235
0.18297939
0
0
0
0
0
0
0
0
0
3.34187865
5.48631477
6.6146965
4.49763966
4.95896769
0
0
0
0
0
0
0
0
0
0.968655646
0
0
0
0
0
0
0
0
3.51538515
0
0
0
0
0
2.41811228
2.7604394
0
3.62744689
0
0
0
0
0
0
0
0
0
0
0
0
0
0
1.44378281
0
0
0
0
0
0
2.10157061
0
0
0
0
0
0
0
0
0
0.397872567
2.40954924
4.65895033
4.09717512
0.0321587026
0
0.0185168684
0
0
0
0
0.287866235
0
0
0
0
0
4.70818424
0
0
0
0
0
0
0
0
0
0
0.233106434
0
0
0
0
0
0
0
2.53344464
6.50160742
2.89302325
0.141911149
2.76783419
0
0
0
0
0
0
0.337013155
0
0
0
0
0
0.424107641
0
0
0
0
0
0
0
0
0
0
2.2639389
0
0.641742051
0
0
0
0
0
0
0
0
0
