0.0634152889
0
0
4.5848484
2.35925221
6.4676981
0.018407464
3.49900317
8.96192551
0
0
0
0.99852258
25.3869553
8.94094563
0.742159367
9.12489414
0
8.36674023
7.14438057
5.51013708
5.94048405
13.6775465
8.4915123
0
0.00697648525
0
4.89755583
7.55875254
1.35765815
0
0
7.33222151
3.80923724
3.28168726
0
2.98066926
1.30668402
1.88414156
7.45960522
1.80928612
8.15697289
0
0
1.620502
0
3.48186994
9.92120266
1.59027886
0
8.59446239
0.176119328
2.46383762
1.64144397
1.81400537
0
0
1.19669223
7.68568611
11.9689741
5.60577726
4.07167292
10.6412172
0
0
0
0
0
0
0
0
0
9.28545761
17.1801796
7.3058629
4.37981462
5.26871824
0
0.639342904
0
0
0.28922382
1.59518862
3.04381371
8.4812088
20.4086723
4.68580818
1.14963627
8.21977329
1.33946514
12.095787
20.9079304
11.273984
3.60845399
9.76002312
8.50123882
0
0
0
0
0
2.46107388
0
0
0
5.88503313
7.67196321
2.94033599
1.41187894
0
0
0.747413278
0
3.67523193
0
13.2903996
7.77608442
5.48631477
6.6146965
4.95896769
0.968655646
0
0
2.41811228
3.51538515
3.62744689
0
0
2.10157061
0.397872567
4.65895033
4.09717512
0.0185168684
0
4.70818424
0.233106434
6.50160742
2.89302325
0
0
0.424107641
0
2.2639389
0.641742051
