-0.424212962
-0.424212962
-0.424212962
-0.424212962
-0.424212962
-0.424212962
-0.424212962
-0.424212962
-0.424212962
-0.424212962
-0.424212962
-0.424212962
-0.424212962
-0.424212962
-0.424212962
-0.424212962
-0.424212962
-0.424212962
-0.424212962
-0.424212962
-0.424212962
-0.424212962
-0.424212962
-0.424212962
-0.424212962
-0.424212962
-0.424212962
-0.424212962
-0.424212962
-0.424212962
-0.424212962
-0.424212962
-0.424212962
-0.424212962
-0.424212962
-0.424212962
-0.424212962
-0.424212962
-0.424212962
-0.424212962
-0.424212962
-0.424212962
-0.424212962
-0.424212962
-0.424212962
-0.424212962
-0.424212962
-0.424212962
-0.424212962
-0.424212962
-0.424212962
-0.424212962
-0.424212962
-0.424212962
-0.424212962
-0.424212962
-0.424212962
-0.424212962
-0.424212962
-0.424212962
-0.424212962
-0.424212962
-0.424212962
-0.424212962
-0.424212962
-0.424212962
-0.424212962
-0.424212962
-0.424212962
-0.424212962
-0.424212962
-0.424212962
-0.424212962
-0.424212962
-0.424212962
-0.424212962
-0.424212962
-0.424212962
-0.424212962
-0.424212962
-0.424212962
-0.424212962
-0.424212962
-0.424212962
-0.424212962
-0.424212962
-0.424212962
-0.424212962
-0.424212962
-0.424212962
-0.424212962
-0.424212962
-0.424212962
-0.424212962
-0.424212962
-0.424212962
-0.424212962
-0.424212962
-0.424212962
-0.424212962
-0.424212962
-0.424212962
-0.424212962
-0.424212962
-0.424212962
-0.424212962
-0.424212962
-0.424212962
-0.424212962
-0.424212962
-0.424212962
-0.424212962
-0.424212962
-0.424212962
-0.424212962
-0.424212962
-0.424212962
-0.424212962
-0.424212962
-0.424212962
-0.424212962
-0.424212962
-0.424212962
-0.424212962
-0.424212962
-0.424212962
-0.424212962
-0.424212962
-0.424212962
-0.424212962
-0.424212962
-0.424212962
-0.424212962
-0.424212962
-0.424212962
-0.424212962
-0.424212962
-0.424212962
-0.424212962
-0.424212962
-0.424212962
-0.424212962
-0.424212962
-0.424212962
-0.424212962
-0.424212962
-0.424212962
-0.424212962
-0.424212962
-0.424212962
-0.424212962
-0.424212962
-0.424212962
-0.424212962
-0.424212962
-0.424212962
-0.424212962
-0.424212962
-0.424212962
-0.424212962
-0.424212962
-0.424212962
-0.424212962
-0.424212962
-0.424212962
-0.424212962
-0.424212962
-0.424212962
-0.424212962
-0.424212962
-0.424212962
-0.424212962
-0.424212962
-0.424212962
-0.424212962
-0.424212962
-0.424212962
-0.424212962
-0.424212962
-0.424212962
-0.424212962
-0.424212962
-0.424212962
-0.424212962
-0.424212962
-0.424212962
-0.424212962
-0.424212962
-0.424212962
-0.424212962
-0.424212962
-0.424212962
-0.424212962
-0.424212962
-0.424212962
-0.424212962
-0.424212962
-0.424212962
-0.424212962
-0.424212962
-0.424212962
-0.424212962
0.644958735
1.9305104
1.59957635
1.49775052
0.339481056
0.0340034738
-0.424212962
-0.424212962
-0.424212962
-0.424212962
-0.424212962
-0.424212962
-0.424212962
-0.424212962
-0.424212962
-0.424212962
-0.424212962
-0.424212962
-0.424212962
-0.424212962
-0.424212962
-0.424212962
-0.424212962
-0.424212962
-0.424212962
-0.424212962
-0.424212962
-0.424212962
2.40145493
2.8087585
2.8087585
2.8087585
2.8087585
2.64329147
2.09597731
2.09597731
2.09597731
2.09597731
2.09597731
2.09597731
2.09597731
2.09597731
1.73958683
0.237655208
-0.424212962
-0.424212962
-0.424212962
-0.424212962
-0.424212962
-0.424212962
-0.424212962
-0.424212962
-0.424212962
-0.424212962
-0.424212962
-0.424212962
0.428578734
1.02680564
0.492219925
1.02680564
1.65048921
2.46509624
2.8087585
2.43963981
2.8087585
2.8087585
2.8087585
2.75784564
2.49055266
2.8087585
2.8087585
1.35773993
-0.424212962
-0.424212962
-0.424212962
-0.424212962
-0.424212962
-0.424212962
-0.424212962
-0.424212962
-0.424212962
-0.424212962
-0.424212962
-0.424212962
-0.424212962
-0.424212962
-0.424212962
-0.424212962
-0.424212962
-0.207832977
0.41585052
-0.246017694
0.428578734
0.428578734
0.428578734
0.326752841
-0.156920046
2.57965016
2.8087585
0.924979806
-0.424212962
-0.424212962
-0.424212962
-0.424212962
-0.424212962
-0.424212962
-0.424212962
-0.424212962
-0.424212962
-0.424212962
-0.424212962
-0.424212962
-0.424212962
-0.424212962
-0.424212962
-0.424212962
-0.424212962
-0.424212962
-0.424212962
-0.424212962
-0.424212962
-0.424212962
-0.424212962
-0.424212962
0.632230461
2.79603028
2.2359879
-0.195104748
-0.424212962
-0.424212962
-0.424212962
-0.424212962
-0.424212962
-0.424212962
-0.424212962
-0.424212962
-0.424212962
-0.424212962
-0.424212962
-0.424212962
-0.424212962
-0.424212962
-0.424212962
-0.424212962
-0.424212962
-0.424212962
-0.424212962
-0.424212962
-0.424212962
-0.424212962
-0.424212962
-0.144191816
2.54146552
2.82148671
0.632230461
-0.424212962
-0.424212962
-0.424212962
-0.424212962
-0.424212962
-0.424212962
-0.424212962
-0.424212962
-0.424212962
-0.424212962
-0.424212962
-0.424212962
-0.424212962
-0.424212962
-0.424212962
-0.424212962
-0.424212962
-0.424212962
-0.424212962
-0.424212962
-0.424212962
-0.424212962
-0.424212962
-0.424212962
1.21772933
2.8087585
2.60510683
0.135829344
-0.424212962
-0.424212962
-0.424212962
-0.424212962
-0.424212962
-0.424212962
-0.424212962
-0.424212962
-0.424212962
-0.424212962
-0.424212962
-0.424212962
-0.424212962
-0.424212962
-0.424212962
-0.424212962
-0.424212962
-0.424212962
-0.424212962
-0.424212962
-0.424212962
-0.424212962
-0.424212962
0.326752841
2.74511719
2.8087585
0.364937544
-0.424212962
-0.424212962
-0.424212962
-0.424212962
-0.424212962
-0.424212962
-0.424212962
-0.424212962
-0.424212962
-0.424212962
-0.424212962
-0.424212962
-0.424212962
-0.424212962
-0.424212962
-0.424212962
-0.424212962
-0.424212962
-0.424212962
-0.424212962
-0.424212962
-0.424212962
-0.424212962
-0.424212962
1.26864231
2.8087585
1.95596683
-0.360571802
-0.424212962
-0.424212962
-0.424212962
-0.424212962
-0.424212962
-0.424212962
-0.424212962
-0.424212962
-0.424212962
-0.424212962
-0.424212962
-0.424212962
-0.424212962
-0.424212962
-0.424212962
-0.424212962
-0.424212962
-0.424212962
-0.424212962
-0.424212962
-0.424212962
-0.424212962
-0.424212962
-0.309658855
2.18507504
2.73238897
0.314024597
-0.424212962
-0.424212962
-0.424212962
-0.424212962
-0.424212962
-0.424212962
-0.424212962
-0.424212962
-0.424212962
-0.424212962
-0.424212962
-0.424212962
-0.424212962
-0.424212962
-0.424212962
-0.424212962
-0.424212962
-0.424212962
-0.424212962
-0.424212962
-0.424212962
-0.424212962
-0.424212962
-0.424212962
1.17954445
2.8087585
1.89232564
-0.424212962
-0.424212962
-0.424212962
-0.424212962
-0.424212962
-0.424212962
-0.424212962
-0.424212962
-0.424212962
-0.424212962
-0.424212962
-0.424212962
-0.424212962
-0.424212962
-0.424212962
-0.424212962
-0.424212962
-0.424212962
-0.424212962
-0.424212962
-0.424212962
-0.424212962
-0.424212962
-0.424212962
0.530404627
2.77057385
2.63056326
0.301296353
-0.424212962
-0.424212962
-0.424212962
-0.424212962
-0.424212962
-0.424212962
-0.424212962
-0.424212962
-0.424212962
-0.424212962
-0.424212962
-0.424212962
-0.424212962
-0.424212962
-0.424212962
-0.424212962
-0.424212962
-0.424212962
-0.424212962
-0.424212962
-0.424212962
-0.424212962
-0.424212962
-0.182376504
2.38872671
2.8087585
1.68867397
-0.424212962
-0.424212962
-0.424212962
-0.424212962
-0.424212962
-0.424212962
-0.424212962
-0.424212962
-0.424212962
-0.424212962
-0.424212962
-0.424212962
-0.424212962
-0.424212962
-0.424212962
-0.424212962
-0.424212962
-0.424212962
-0.424212962
-0.424212962
-0.424212962
-0.424212962
-0.424212962
-0.38602826
2.15961862
2.8087585
2.36327028
0.0212752409
-0.424212962
-0.424212962
-0.424212962
-0.424212962
-0.424212962
-0.424212962
-0.424212962
-0.424212962
-0.424212962
-0.424212962
-0.424212962
-0.424212962
-0.424212962
-0.424212962
-0.424212962
-0.424212962
-0.424212962
-0.424212962
-0.424212962
-0.424212962
-0.424212962
-0.424212962
-0.424212962
0.0594599396
2.8087585
2.8087585
0.555861056
-0.424212962
-0.424212962
-0.424212962
-0.424212962
-0.424212962
-0.424212962
-0.424212962
-0.424212962
-0.424212962
-0.424212962
-0.424212962
-0.424212962
-0.424212962
-0.424212962
-0.424212962
-0.424212962
-0.424212962
-0.424212962
-0.424212962
-0.424212962
-0.424212962
-0.424212962
-0.424212962
-0.0296377148
2.42691135
2.8087585
1.03953385
-0.411484718
-0.424212962
-0.424212962
-0.424212962
-0.424212962
-0.424212962
-0.424212962
-0.424212962
-0.424212962
-0.424212962
-0.424212962
-0.424212962
-0.424212962
-0.424212962
-0.424212962
-0.424212962
-0.424212962
-0.424212962
-0.424212962
-0.424212962
-0.424212962
-0.424212962
-0.424212962
-0.424212962
1.26864231
2.8087585
2.8087585
0.237655208
-0.424212962
-0.424212962
-0.424212962
-0.424212962
-0.424212962
-0.424212962
-0.424212962
-0.424212962
-0.424212962
-0.424212962
-0.424212962
-0.424212962
-0.424212962
-0.424212962
-0.424212962
-0.424212962
-0.424212962
-0.424212962
-0.424212962
-0.424212962
-0.424212962
-0.424212962
-0.424212962
0.3522093
2.65601969
2.8087585
2.8087585
0.237655208
-0.424212962
-0.424212962
-0.424212962
-0.424212962
-0.424212962
-0.424212962
-0.424212962
-0.424212962
-0.424212962
-0.424212962
-0.424212962
-0.424212962
-0.424212962
-0.424212962
-0.424212962
-0.424212962
-0.424212962
-0.424212962
-0.424212962
-0.424212962
-0.424212962
-0.424212962
-0.424212962
1.11590326
2.8087585
2.8087585
2.36327028
0.0849164054
-0.424212962
-0.424212962
-0.424212962
-0.424212962
-0.424212962
-0.424212962
-0.424212962
-0.424212962
-0.424212962
-0.424212962
-0.424212962
-0.424212962
-0.424212962
-0.424212962
-0.424212962
-0.424212962
-0.424212962
-0.424212962
-0.424212962
-0.424212962
-0.424212962
-0.424212962
-0.424212962
1.11590326
2.8087585
2.21053147
-0.195104748
-0.424212962
-0.424212962
-0.424212962
-0.424212962
-0.424212962
-0.424212962
-0.424212962
-0.424212962
-0.424212962
-0.424212962
-0.424212962
-0.424212962
-0.424212962
-0.424212962
-0.424212962
-0.424212962
-0.424212962
-0.424212962
-0.424212962
-0.424212962
-0.424212962
-0.424212962
-0.424212962
-0.424212962
-0.424212962
-0.424212962
-0.424212962
-0.424212962
-0.424212962
-0.424212962
-0.424212962
-0.424212962
-0.424212962
-0.424212962
-0.424212962
-0.424212962
-0.424212962
-0.424212962
-0.424212962
-0.424212962
-0.424212962
-0.424212962
